Date,Open,High,Low,Close,Volume
8/3/2023,128.37,129.77,127.78,128.77,15086130
8/2/2023,129.84,130.42,127.85,128.64,22705779
8/1/2023,130.86,132.92,130.75,131.89,22219010
7/31/2023,133.01,133.83,132.13,133.11,18381891
7/28/2023,130.97,134.07,130.92,133.01,26971010
7/27/2023,131.8,133.6,129.18,129.87,35931609
7/26/2023,130.36,131.37,128.71,129.66,46216898
7/25/2023,121.88,123.69,121.53,122.79,31820850
7/24/2023,121.93,123.35,121.38,121.88,22312221
7/21/2023,120.87,121.3,119.07,120.31,56514648
7/20/2023,122.12,124.7,118.69,119.53,27541711
7/19/2023,124.79,125.47,122.47,122.78,22313801
7/18/2023,124.91,124.99,123.3,124.08,21071250
7/17/2023,126.06,127.28,124.5,125.06,20675301
7/14/2023,125.13,127.09,124.9,125.7,20499779
7/13/2023,121.54,125.34,121.06,124.83,31535850
7/12/2023,119.3,120.96,119,119.62,22059609
7/11/2023,116.76,118.23,115.83,117.71,18286570
7/10/2023,119.07,119.07,116.64,116.87,32960078
7/7/2023,120.89,121.75,120.09,120.14,20997670
7/6/2023,120.64,121.15,119.25,120.93,17750180
7/5/2023,120.06,123.37,120.06,122.63,17830350
7/3/2023,120.32,121.02,119.71,120.56,13871720
6/30/2023,121.1,122.03,120.88,120.97,23871760
6/29/2023,120.09,120.91,119.21,120.01,18517461
6/28/2023,117.96,121.27,117.6,121.08,19753150
6/27/2023,117.84,119.9,116.91,119.01,27221711
6/26/2023,121.47,122.72,118.99,119.09,23184961
6/23/2023,122.04,123.44,121.86,123.02,29573119
6/22/2023,120.66,123.94,119.6,123.87,20781891
6/21/2023,123.24,123.41,120.86,121.26,22612000
6/20/2023,123.54,125.18,122.83,123.85,22698029
6/16/2023,126.7,126.7,123.79,124.06,56699199
6/15/2023,123.88,126.16,123.14,125.79,24517070
6/14/2023,123.8,124.79,122.16,124.38,24659619
6/13/2023,125.65,125.86,123.85,124.43,19287650
6/12/2023,123.4,124.75,122.35,124.35,22289631
6/9/2023,122.56,124.29,122.42,122.87,20313680
6/8/2023,122.59,123.73,122.01,122.67,24815000
6/7/2023,127.58,129.55,122.63,122.94,34179352
6/6/2023,126.6,128.88,125.97,127.91,19450131
6/5/2023,124.61,127.99,124.38,126.63,22672520
6/2/2023,124.49,126.75,124.35,125.23,19367449
6/1/2023,123.5,125.04,123.3,124.37,25017670
5/31/2023,123.7,124.9,123.1,123.37,41548762
5/30/2023,126.29,126.38,122.89,124.64,27230730
5/26/2023,124.07,126,123.29,125.43,25169039
5/25/2023,125.21,125.98,122.9,124.35,33812727
5/24/2023,121.88,122.75,120.75,121.64,23087930
5/23/2023,124.93,125.42,123.05,123.29,24477949
5/22/2023,123.51,127.05,123.45,125.87,29760240
5/19/2023,124.2,126.48,122.72,123.25,30268859
5/18/2023,121.56,123.9,121.49,123.52,27014471
5/17/2023,120.18,122.28,119.46,121.48,26659561
5/16/2023,116.83,121.2,116.83,120.09,32370109
5/15/2023,116.49,118.8,116.48,116.96,22107869
5/12/2023,117,118.26,116.55,117.92,31293779
5/11/2023,115.86,118.44,114.93,116.9,57115078
5/10/2023,108.55,113.51,108.48,112.28,47533461
5/9/2023,108.78,110.6,107.73,107.94,24782439
5/8/2023,105.8,108.42,105.79,108.24,17266020
5/5/2023,105.32,106.44,104.74,106.22,20710631
5/4/2023,106.16,106.3,104.7,105.21,19780641
5/3/2023,106.22,108.13,105.62,106.12,17116330
5/2/2023,107.66,107.73,104.5,105.98,20343119
5/1/2023,107.72,108.68,107.5,107.71,20926260
4/28/2023,107.8,108.29,106.04,108.22,23957869
4/27/2023,105.23,109.15,104.42,108.37,38235219
4/26/2023,105.56,107.02,103.27,104.45,37068168
4/25/2023,106.61,107.44,104.56,104.61,31408119
4/24/2023,106.05,107.32,105.36,106.78,21410910
4/21/2023,106.09,106.64,105.49,105.91,22379020
4/20/2023,104.65,106.89,104.64,105.9,22515330
4/19/2023,104.22,105.73,103.8,105.02,16732020
4/18/2023,107,107.05,104.78,105.12,17641369
4/17/2023,105.43,106.71,105.32,106.42,29043439
4/14/2023,107.69,109.58,107.59,109.46,20758689
4/13/2023,106.47,108.27,106.44,108.19,21650750
4/12/2023,107.39,107.59,104.97,105.22,22761570
4/11/2023,106.92,107.22,105.28,106.12,18721279
4/10/2023,107.39,107.97,105.6,106.95,19741520
4/6/2023,105.77,109.63,104.82,108.9,34684152
4/5/2023,106.12,106.54,104.1,104.95,21864199
4/4/2023,104.84,106.1,104.6,105.12,20377230
4/3/2023,102.67,104.95,102.38,104.91,20719859
3/31/2023,101.71,104.19,101.44,104,28107949
3/30/2023,101.44,101.61,100.29,101.32,25009830
3/29/2023,102.72,102.82,101.03,101.9,26148301
3/28/2023,103,103,100.28,101.36,24913480
3/27/2023,105.32,105.4,102.63,103.06,25393420
3/24/2023,105.74,106.16,104.74,106.06,25245010
3/23/2023,105.89,107.1,105.41,106.26,31385820
3/22/2023,105.14,107.51,104.21,104.22,32336881
3/21/2023,101.98,105.96,101.86,105.84,33122801
3/20/2023,101.06,102.58,100.79,101.93,26033920
3/17/2023,100.84,103.49,100.75,102.46,76140312
3/16/2023,96.57,101.97,95.87,101.07,54588199
3/15/2023,93.54,97.25,93.04,96.55,38367328
3/14/2023,93.07,94.83,92.78,94.25,32303881
3/13/2023,90.57,93.08,89.94,91.66,31508570
3/10/2023,92.5,93.18,90.8,91.01,32850090
3/9/2023,94.49,95.92,92.36,92.66,24438891
3/8/2023,94.41,96.24,94.41,94.65,25395199
3/7/2023,95.42,96.09,93.84,94.17,24101539
3/6/2023,94.36,96.3,94.3,95.58,28288211
3/3/2023,92.74,94.11,92.66,94.02,30242539
3/2/2023,89.86,92.48,89.77,92.31,23344561
3/1/2023,90.16,91.2,89.85,90.51,26323881
2/28/2023,89.54,91.45,89.52,90.3,30546910
2/27/2023,90.09,90.45,89.61,90.1,22724260
2/24/2023,89.63,90.13,88.86,89.35,31295619
2/23/2023,92.13,92.13,90.01,91.07,32423721
2/22/2023,91.93,92.36,90.87,91.8,29891141
2/21/2023,93.24,93.41,92,92.05,28367199
2/17/2023,95.07,95.75,93.45,94.59,31095070
2/16/2023,95.54,97.88,94.97,95.78,35642113
2/15/2023,94.74,97.34,94.36,97.1,37029887
2/14/2023,94.66,95.18,92.65,94.95,42513078
2/13/2023,95.01,95.35,94.05,95,43116559
2/10/2023,95.74,97.02,94.53,94.86,49325281
2/9/2023,100.54,100.61,93.86,95.46,97798570
2/8/2023,102.69,103.58,98.46,100,73546031
2/7/2023,103.63,108.67,103.55,108.04,33738832
2/6/2023,102.69,104.7,102.21,103.47,25573051
2/3/2023,103.51,108.02,103.3,105.22,36823422
2/2/2023,106.79,108.82,106.54,108.8,46622633
2/1/2023,99.74,102.19,98.42,101.43,26392570
1/31/2023,97.86,99.91,97.79,99.87,22306779
1/30/2023,98.75,99.41,97.52,97.95,24365141
1/27/2023,99.05,101.58,98.97,100.71,29020350
1/26/2023,98.28,99.21,96.82,99.16,24542061
1/25/2023,97.2,97.72,95.26,96.73,31000850
1/24/2023,99.55,101.09,98.7,99.21,27391369
1/23/2023,99.13,101.4,98.75,101.21,31791779
1/20/2023,95.95,99.42,95.91,99.28,53704762
1/19/2023,91.39,94.4,91.38,93.91,28707650
1/18/2023,92.94,93.59,91.4,91.78,19641619
1/17/2023,92.78,92.97,90.84,92.16,22935820
1/13/2023,91.53,92.98,90.93,92.8,18630711
1/12/2023,92.4,92.62,90.57,91.91,22754221
1/11/2023,90.06,92.45,89.74,92.26,25998840
1/10/2023,86.72,89.48,86.7,89.24,22855590
1/9/2023,89.2,90.83,88.58,88.8,22996680
1/6/2023,87.36,88.47,85.57,88.16,26612631
1/5/2023,88.07,88.21,86.56,86.77,23136080
1/4/2023,91.01,91.24,87.8,88.71,27046480
1/3/2023,89.83,91.55,89.02,89.7,20738461
12/30/2022,87.37,88.83,87.03,88.73,19190301
12/29/2022,87.03,89.37,86.99,88.95,18280660
12/28/2022,87.5,88.52,86.37,86.46,17879570
12/27/2022,89.31,89.5,87.54,87.93,15470870
12/23/2022,87.62,90.1,87.62,89.81,17815010
12/22/2022,88.93,89.18,86.94,88.26,23656070
12/21/2022,89.73,90.92,88.91,90.25,20336391
12/20/2022,88.73,89.78,88.04,89.63,21976850
12/19/2022,90.88,91.2,88.93,89.15,23020539
12/16/2022,91.2,91.75,90.01,90.86,48485512
12/15/2022,93.54,94.03,90.43,91.2,28298760
12/14/2022,95.54,97.22,93.94,95.31,26452939
12/13/2022,98.07,99.8,95.38,95.85,34788520
12/12/2022,93.09,93.87,91.9,93.56,27380949
12/9/2022,93.9,94.49,93.02,93.07,21885311
12/8/2022,95.69,95.87,93.8,93.95,25593230
12/7/2022,96.77,97.31,95.03,95.15,26647881
12/6/2022,99.67,100.21,96.76,97.31,20877619
12/5/2022,99.82,101.75,99.36,99.87,19955551
12/2/2022,99.37,101.15,99.17,100.83,18821529
12/1/2022,101.4,102.59,100.67,101.28,21771539
11/30/2022,95.12,101.45,94.67,101.45,39888070
11/29/2022,96,96.39,94.39,95.44,20220010
11/28/2022,97.2,97.83,95.89,96.25,19981971
11/25/2022,98.47,98.94,97.53,97.6,8567819
11/23/2022,97.34,99.07,97.34,98.82,17568859
11/22/2022,96.16,97.55,94.41,97.33,18868850
11/21/2022,97.56,98.72,95.67,95.83,18696869
11/18/2022,99.01,99.16,96.74,97.8,24969881
11/17/2022,97.18,99.48,97.1,98.5,21818730
11/16/2022,98.02,99.85,97.9,98.99,24660199
11/15/2022,98.67,100.42,97.02,98.72,31830971
11/14/2022,95.5,97.18,95.11,96.03,24170080
11/11/2022,94.71,97.36,94.16,96.73,30569109
11/10/2022,92.34,94.55,91.65,94.17,42371219
11/9/2022,88.55,89.49,87.36,87.4,26743881
11/8/2022,89.16,90.41,87.65,88.91,30172000
11/7/2022,87.34,88.94,86.96,88.65,26899881
11/4/2022,85.51,86.73,83.88,86.7,40173281
11/3/2022,86.35,86.55,83.45,83.49,48510359
11/2/2022,90.91,91.3,87.01,87.07,43553551
11/1/2022,95.59,96.17,90.43,90.5,43220602
10/31/2022,95.78,96.35,94.38,94.66,29868711
10/28/2022,92.53,96.86,92.32,96.58,35696930
10/27/2022,94.31,95.17,91.9,92.6,54036488
10/26/2022,96.76,98.54,94.57,94.82,71671805
10/25/2022,103.3,105.1,103.02,104.93,29910170
10/24/2022,102.09,103.1,100.3,102.97,24680830
10/21/2022,98.46,101.62,98.23,101.48,28988730
10/20/2022,100.82,103,99.97,100.53,25125080
10/19/2022,100.7,101.66,99.64,100.29,21573689
10/18/2022,103.94,104.22,100.65,101.39,21610539
10/17/2022,99.52,101.77,99.51,100.78,23311600
10/14/2022,100.63,101.29,97.03,97.18,22624830
10/13/2022,95.93,100.53,95.27,99.71,32812219
10/12/2022,98.27,99.65,97.67,98.3,17343430
10/11/2022,98.25,100.12,97.25,98.05,21617730
10/10/2022,99.85,99.99,97.87,98.71,16529900
10/7/2022,100.65,101.42,99.21,99.57,24249910
10/6/2022,101.5,103.73,101.5,102.24,17156240
10/5/2022,100.69,102.74,99.74,102.22,18475520
10/4/2022,101.04,102.72,101.04,102.41,22580930
10/3/2022,97.22,99.97,97.02,99.3,24840029
9/30/2022,97.73,99.49,96.03,96.15,26277830
9/29/2022,99.3,99.3,96.52,98.09,21921520
9/28/2022,98.02,101.4,97.8,100.74,24617000
9/27/2022,99.91,100.46,97.34,98.09,24224990
9/26/2022,98.61,100.44,98.38,98.81,22437939
9/23/2022,100.06,100.11,98.01,99.17,25656961
9/22/2022,99.45,101.68,99.41,100.57,21272680
9/21/2022,102.24,103.49,99.99,100.01,26596760
9/20/2022,102.88,103.17,101.12,101.83,24001670
9/19/2022,102.54,104.02,102.37,103.85,19738600
9/16/2022,102.97,104.03,101.86,103.63,64540121
9/15/2022,105.01,106.21,103.31,103.9,26494930
9/14/2022,105.44,106.1,104.5,105.87,22115811
9/13/2022,108.89,109.37,105,105.31,33014988
9/12/2022,111.99,112.64,110.93,111.87,19732910
9/9/2022,110.05,112,110,111.78,21745029
9/8/2022,109.18,110.58,108.06,109.42,21660650
9/7/2022,107.76,110.99,107.62,110.48,22987180
9/6/2022,108.14,108.88,106.51,107.48,20565051
9/2/2022,111.34,111.68,108.13,108.68,20618080
9/1/2022,109.2,111.22,108.19,110.55,22784391
8/31/2022,111.63,111.77,109.05,109.15,25897980
8/30/2022,111.03,111.37,108.8,109.91,20548199
8/29/2022,110.78,111.96,109.81,110.34,20386141
8/26/2022,115.81,116.6,111.22,111.3,31698670
8/25/2022,115.15,117.78,115.05,117.7,14874670
8/24/2022,114.45,115.72,113.78,114.7,16051170
8/23/2022,114.32,115.93,114.3,114.77,14390690
8/22/2022,116.1,116.5,114.67,115.07,19316020
8/19/2022,119.87,120,117.67,118.12,20186980
8/18/2022,120.23,121.69,119.55,120.86,15652030
8/17/2022,120.93,122.15,120.2,120.32,17589160
8/16/2022,122.32,123.23,121.54,122.51,15626170
8/15/2022,122.21,123.26,121.57,122.88,15524950
8/12/2022,121.16,122.65,120.4,122.65,16121090
8/11/2022,122.08,122.34,119.55,119.82,16671631
8/10/2022,119.59,121.78,119.36,120.65,20497020
8/9/2022,117.99,118.2,116.56,117.5,15424260
8/8/2022,119.12,120.86,117.83,118.14,17061109
8/5/2022,116.93,118.86,116.71,118.22,15615660
8/4/2022,118.3,119.5,117.71,118.87,15757700
8/3/2022,116.34,119.42,116.15,118.78,25302820
8/2/2022,114.43,117.08,114.26,115.9,17911039
8/1/2022,115.53,117.12,114.69,115.48,22856199
7/29/2022,113.4,116.9,113.23,116.64,31336180
7/28/2022,112.8,114.7,111.85,114.59,23303840
7/27/2022,109.6,114.4,108.42,113.6,41474621
7/26/2022,107.43,107.74,104.76,105.44,36626633
7/25/2022,108.88,110.58,107.01,108.21,28289939
7/22/2022,111.81,113.18,107.6,108.36,44455301
7/21/2022,115.09,115.21,111.91,115.04,27267850
7/20/2022,114.06,116.33,113.26,114.7,26780090
7/19/2022,111.73,114.81,110.5,114.62,30992330
7/18/2022,113.44,114.8,109.3,109.91,33353988
7/15/2022,112.96,114,111.82,112.77,34330760
7/14/2022,110.83,111.99,109.33,111.44,32365540
7/13/2022,112.64,115.16,111.82,112.19,38958860
7/12/2022,116.84,117.85,114.62,114.85,24970160
7/11/2022,118.65,118.79,116.23,116.52,26830460
7/8/2022,117.55,120.44,117.51,120.17,29082200
7/7/2022,116.01,119.86,115.53,119.31,32183940
7/6/2022,114.09,116.35,112.25,115.21,28852680
7/5/2022,107.51,114.05,106.25,113.89,36429380
7/1/2022,108.34,109.81,107.11,109.08,31027880
6/30/2022,110.5,111.33,107.31,109.37,38046040
6/29/2022,112.15,113.66,111.55,112.26,18627860
6/28/2022,116.35,117.86,112.44,112.57,28316220
6/27/2022,118.94,119.25,116,116.62,32839300
6/24/2022,113.6,118.64,113.6,118.54,39122760
6/23/2022,112.95,113.2,111.03,112.68,24709720
6/22/2022,111.16,113.77,110.72,112.03,23921720
6/21/2022,109.7,112.67,109.29,112.02,39010280
6/17/2022,106.54,109.25,105.63,107.87,43516660
6/16/2022,108.15,109.29,105.79,106.64,35313240
6/15/2022,108.9,112.06,108.12,110.39,33192020
6/14/2022,106.89,108.46,106.35,107.19,25480940
6/13/2022,107.45,109.22,106.59,106.88,36756200
6/10/2022,112.78,113.5,110.86,111.43,31349740
6/9/2022,116.34,118.35,114.87,114.92,23141600
6/8/2022,116.88,118.65,116.7,117.24,22544260
6/7/2022,115.65,117.75,115.13,117.23,26413540
6/6/2022,116.74,119.4,116.53,117.01,23786720
6/3/2022,115.99,116.36,113.67,114.56,24952080
6/2/2022,114.19,117.9,113.31,117.75,27495400
6/1/2022,114.93,117.4,113.55,114.14,28629280
5/31/2022,113.08,116.43,112.57,114.04,51301920
5/27/2022,109.79,112.87,109.55,112.8,29924420
5/26/2022,106.05,108.96,105.49,108.3,30287480
5/25/2022,105.14,106.54,104.21,105.84,37899340
5/24/2022,106.38,106.4,102.21,105.93,60386380
5/23/2022,110.1,112.01,109.15,111.67,31558220
5/20/2022,112.09,112.55,106.37,109.31,37586020
5/19/2022,111.84,113.59,110.47,110.75,29191740
5/18/2022,115.24,115.7,112.14,112.4,27982760
5/17/2022,117.23,117.23,115.34,116.7,21576080
5/16/2022,115.38,116.61,114.34,114.79,23282380
5/13/2022,114.85,118.09,114,116.52,29737560
5/12/2022,111.94,114.86,110.11,113.16,41464880
5/11/2022,113.71,116.67,113.65,113.96,36501640
5/10/2022,116.04,116.69,113.38,114.58,31157780
5/9/2022,113.3,115.56,112.55,113.08,34520960
5/6/2022,115.52,117.5,114.14,115.66,35309480
5/5/2022,120.22,121.23,115.18,116.75,43089040
5/4/2022,118,123.14,115.74,122.58,33231460
5/3/2022,116.77,119.3,116.63,118.13,21215740
5/2/2022,113.91,117.34,113.4,117.16,30279640
4/29/2022,117.58,118.96,114.69,114.97,33693100
4/28/2022,117.12,120.44,115.14,119.41,36790940
4/27/2022,114.37,117.5,113.12,115.02,62238120
4/26/2022,122.75,122.75,119.16,119.51,49393040
4/25/2022,119.43,123.28,118.77,123.25,34521800
4/22/2022,125,125.45,119.14,119.61,46410300
4/21/2022,129.35,130.31,124.65,124.94,30157540
4/20/2022,131.28,131.92,127.89,128.25,22609380
4/19/2022,128.08,130.9,127.45,130.53,22719300
4/18/2022,127.41,128.71,126.58,127.96,14917200
4/14/2022,130.65,130.71,127.11,127.25,23483360
4/13/2022,128.63,130.66,128.44,130.29,19542960
4/12/2022,132.42,132.42,127.58,128.37,23003220
4/11/2022,132.9,132.94,129.62,129.8,24187340
4/8/2022,136.25,136.25,133.75,134.01,16434480
4/7/2022,136.62,137.7,134.86,136.47,19448540
4/6/2022,139.16,139.85,136.42,137.18,23574600
4/5/2022,143.4,143.59,140.94,141.06,19255560
4/4/2022,140.82,144.04,140.82,143.64,19084900
4/1/2022,140.01,140.95,138.8,140.7,23480020
3/31/2022,142.45,142.64,139.62,139.65,29516320
3/30/2022,142.87,143.48,142.17,142.64,21046380
3/29/2022,143.16,144.16,142.48,143.25,28678420
3/28/2022,140.68,141.98,139.83,141.95,23773080
3/25/2022,141.75,141.96,139.7,141.52,19289080
3/24/2022,139.27,141.4,138.04,141.31,20544720
3/23/2022,139.14,140.03,138.17,138.5,25302320
3/22/2022,136.5,141.5,136.5,140.28,29776860
3/21/2022,136.85,137.58,134.61,136.48,26632460
3/18/2022,133.88,136.91,132.93,136.8,45899700
3/17/2022,133.32,134.74,132.72,134.6,23994380
3/16/2022,131,133.77,129.2,133.69,32058200
3/15/2022,127.74,130.52,126.57,129.66,30292600
3/14/2022,130.57,131.03,126.41,126.74,30253860
3/11/2022,134,134.2,130.3,130.48,26599800
3/10/2022,131.46,133.54,131.4,132.68,24265200
3/9/2022,131.4,134.2,130.09,133.87,32257440
3/8/2022,126.25,131.25,125.86,127.28,35249560
3/7/2022,131.9,131.9,126.41,126.46,39177900
3/4/2022,133.38,134.2,130.41,132.12,24472240
3/3/2022,135.98,136.71,133.43,134.31,19779300
3/2/2022,134.61,135.62,133.43,134.75,23966740
3/1/2022,134.48,136.11,133.38,134.17,24639920
2/28/2022,133.28,135.64,132.83,134.89,29675680
2/25/2022,133.53,135.39,131.77,134.52,26235860
2/24/2022,125,133.04,124.76,132.67,43165080
2/23/2022,131.08,131.75,127.5,127.59,26431280
2/22/2022,129.99,131.9,127.74,129.4,38906580
2/18/2022,133.04,133.82,130.31,130.47,31858600
2/17/2022,136.15,136.84,132.2,132.31,30968120
2/16/2022,136.43,137.95,134.82,137.49,25609660
2/15/2022,137.47,137.9,135.54,136.43,26577560
2/14/2022,133.37,136.17,133.3,135.3,26792800
2/11/2022,138.75,139.28,133.29,134.13,38808800
2/10/2022,139.5,141.43,138.05,138.6,33017700
2/9/2022,140.85,142.18,140.38,141.45,28627160
2/8/2022,138.99,139.84,136.87,139.21,34255040
2/7/2022,143.71,143.85,138.7,138.94,44610740
2/4/2022,143.02,144.54,139.82,143.02,49224400
2/3/2022,145.3,149.12,142.21,142.65,56930140
2/2/2022,151.86,152.1,145.56,148.04,89750760
2/1/2022,137.84,138.2,134.57,137.88,51203200
1/31/2022,134.2,135.84,132.27,135.7,34055560
1/28/2022,130,133.37,128.69,133.29,30517560
1/27/2022,131.36,132.61,128.95,129.12,30285020
1/26/2022,130.59,132.81,127.15,129.24,39630880
1/25/2022,128.44,129.34,126.38,126.74,36008600
1/24/2022,126.03,130.78,124.64,130.37,55292040
1/21/2022,133.01,134.76,130,130.09,41919220
1/20/2022,136.51,137.91,133.14,133.51,21930560
1/19/2022,136.94,138.4,135.5,135.65,20795280
1/18/2022,136.6,137.39,135.62,136.29,27401960
1/14/2022,137.5,141.2,137.5,139.79,23825920
1/13/2022,141.84,143.19,138.91,139.13,26565080
1/12/2022,141.55,142.81,141.11,141.65,23641580
1/11/2022,138.18,140.33,136.81,140.02,23501240
1/10/2022,135.1,138.64,133.14,138.57,34095680
1/7/2022,137.91,138.25,135.79,137,19408240
1/6/2022,137.5,139.69,136.76,137.55,29049040
1/5/2022,144.18,144.3,137.52,137.65,49641520
1/4/2022,145.55,146.61,143.82,144.42,22927780
1/3/2022,144.48,145.55,143.5,145.07,25224500
12/31/2021,145.54,146.37,144.68,144.68,17297700
12/30/2021,146.45,147.06,145.76,146,12977020
12/29/2021,146.43,147.18,145.5,146.5,17024720
12/28/2021,148.37,148.37,145.94,146.45,18635840
12/27/2021,147.46,148.43,147.25,148.06,13259320
12/23/2021,147.09,148.57,146.95,147.14,13818680
12/22/2021,144.1,147.3,143.96,146.95,18440480
12/21/2021,143.15,144.69,141.74,144.22,19551940
12/20/2021,140.68,142.61,140.25,142.4,20263520
12/17/2021,142.71,144.46,141.79,142.8,43404700
12/16/2021,148.08,148.55,144.09,144.84,27399740
12/15/2021,144.37,147.52,142.71,147.37,27280960
12/14/2021,144.77,145.44,142.24,144.97,24778800
12/13/2021,148.44,148.56,146.36,146.7,24103920
12/10/2021,149.1,149.4,147.36,148.68,21638460
12/9/2021,148.18,149.61,147.53,148.11,18580600
12/8/2021,148.33,149.16,147.2,148.72,18963940
12/7/2021,145.95,148.3,145.7,148.04,23258280
12/6/2021,143.57,144.35,140.65,143.8,22197700
12/3/2021,144.5,145.21,141.15,142.52,26687480
12/2/2021,141.82,144.68,140.98,143.78,21250700
12/1/2021,144.21,146.5,141.5,141.62,28545780
11/30/2021,145.45,146.63,142.07,142.45,41590520
11/29/2021,144.3,146.86,144.3,146.11,26276120
11/26/2021,145.02,145.3,142.49,142.81,16992120
11/24/2021,146.35,147,145.2,146.72,16464060
11/23/2021,147.11,147.69,144.89,146.76,18133140
11/22/2021,150.14,150.74,147.01,147.08,24627700
11/19/2021,151,151.85,149.89,149.95,19782960
11/18/2021,149.15,151.61,149,150.71,26682400
11/17/2021,149.23,149.63,148.56,149.06,15290820
11/16/2021,149.17,149.83,148.35,149.08,17254860
11/15/2021,150,150.48,148.65,149.39,16247340
11/12/2021,147.83,149.86,146.45,149.65,17047660
11/11/2021,147.11,148.5,146.69,146.75,12463100
11/10/2021,148.01,148.7,145.33,146.63,22708320
11/9/2021,149.75,150.38,147.51,149.25,16875560
11/8/2021,150,151.03,149.12,149.35,18388140
11/5/2021,149.35,150.57,148.65,149.24,20408140
11/4/2021,147.2,149.95,146.64,148.68,24700800
11/3/2021,146.28,146.91,145.05,146.79,17886600
11/2/2021,144.81,146.92,144.64,145.86,21150580
11/1/2021,148.17,148.4,143.58,143.77,32272100
10/29/2021,145.52,148.61,145.17,148.27,28954500
10/28/2021,147.3,147.42,144.76,146.13,32418060
10/27/2021,139.9,149.12,139.9,146.43,51850920
10/26/2021,140.61,140.84,139.01,139.67,28258740
10/25/2021,138.81,139.21,136.75,138.77,21081700
10/22/2021,140.35,141.56,137.17,138.63,30182640
10/21/2021,142.19,142.85,141.64,142.78,14849920
10/20/2021,144.22,144.25,141.91,142.42,17939500
10/19/2021,143.29,144.11,143.1,143.82,15315840
10/18/2021,141.21,143,141.21,142.96,16567200
10/15/2021,142.2,142.2,141.06,141.68,21253360
10/14/2021,139.95,141.65,139.34,141.41,21437560
10/13/2021,137.75,138.55,136.98,137.9,16393280
10/12/2021,139.64,139.7,136.25,136.71,22535020
10/11/2021,139.8,140.76,138.81,138.85,16584760
10/8/2021,139.91,140.32,139.43,140.06,18928420
10/7/2021,138.86,140.15,138.56,139.19,18250460
10/6/2021,134.63,137.85,134.49,137.35,19764320
10/5/2021,134,137.36,134,136.18,24126740
10/4/2021,135.7,135.7,131.17,133.77,31529900
10/1/2021,133.55,137.07,133.38,136.46,28387300
9/30/2021,134.33,135.59,133,133.27,35363980
9/29/2021,137.11,137.4,134.25,134.52,26337220
9/28/2021,139.09,139.61,135.7,136.18,42189660
9/27/2021,141.59,142.5,140.5,141.5,18844080
9/24/2021,140.95,142.9,140.85,142.63,14949340
9/23/2021,141.61,142.25,141.1,141.83,17276100
9/22/2021,140.05,141.58,139.47,140.94,22067800
9/21/2021,140.12,140.81,138.91,139.65,18129380
9/20/2021,139,139.36,137.05,139.02,34917720
9/17/2021,143.8,144.25,141.06,141.46,60039820
9/16/2021,145.12,145.2,143.42,144.37,20298840
9/15/2021,143.76,145.58,142.26,145.21,20653420
9/14/2021,144.16,144.73,142.91,143.41,18919140
9/13/2021,143.2,144.19,142.28,143.47,20175620
9/10/2021,145.44,146.02,141.74,141.92,32896620
9/9/2021,144.88,145.67,144.43,144.91,14798560
9/8/2021,145.39,145.55,144.2,144.88,15491660
9/7/2021,144.75,145.82,144.54,145.52,15172600
9/3/2021,144.15,145.38,143.51,144.78,19110480
9/2/2021,145.95,146.33,144.11,144.22,21855800
9/1/2021,145.65,146.82,145.61,145.84,15824680
8/31/2021,145.88,146.11,145,145.46,26756420
8/30/2021,144.7,146.49,144.6,145.47,16915900
8/27/2021,142.11,145.01,142.02,144.55,24568240
8/26/2021,142.62,143.13,142.09,142.12,14922000
8/25/2021,142.88,143.31,142.44,142.95,12843060
8/24/2021,141.54,143.01,141.35,142.4,15126260
8/23/2021,139,142.18,138.75,141.1,21089680
8/20/2021,137.08,138.61,136.47,138.44,15566740
8/19/2021,135.47,137.45,135.36,136.91,18295920
8/18/2021,137.12,138.29,136.42,136.57,14934460
8/17/2021,138.19,138.72,136.79,137.3,21274020
8/16/2021,138,138.99,136.17,138.92,18050840
8/13/2021,138.36,138.67,138.01,138.41,12580580
8/12/2021,137.71,138.42,136.78,138.39,14649400
8/11/2021,138.28,138.85,137.35,137.69,15209660
8/10/2021,138.08,138.55,137.23,138.1,16039080
8/9/2021,136.95,138.32,136.43,138,12379560
8/6/2021,136.3,137.08,136.05,137.04,13565020
8/5/2021,136.03,136.95,135.6,136.94,11871780
8/4/2021,136.25,136.54,135.42,136.03,16527140
8/3/2021,136,136.34,134.18,136.28,19064000
8/2/2021,135.48,136.02,134.67,135.99,20140040
7/30/2021,135.511002,135.771347,134.814194,135.220993,23954000
7/29/2021,136.3806,137.151505,136.138,136.540497,19284000
7/28/2021,138.561996,139.675995,136.350006,136.3815,54688000
7/27/2021,140.011002,140.011002,135.100006,136.796494,42164000
7/26/2021,138.25,139.712997,137.651001,139.644501,23052000
7/23/2021,135.259995,138.808502,134.7005,137.815994,26378000
7/22/2021,132.649994,133.504501,132.399994,133.328506,13608000
7/21/2021,130.787003,132.617249,130.601501,132.600494,14742000
7/20/2021,130.003998,132.001343,129.1884,131.101501,19084000
7/19/2021,131.155502,131.246994,128.537003,129.253998,25710000
7/16/2021,131.641006,132.182999,130.821503,131.845505,14856000
7/15/2021,132.5,132.595001,130.598007,131.266495,16586000
7/14/2021,131.901505,132.996002,131.897995,132.082504,17912000
7/13/2021,130.8815,132.042007,130.636993,130.994507,16618000
7/12/2021,129.833496,130.770004,129.600006,130.563995,16944000
7/9/2021,128.944504,129.849503,128.943497,129.574493,15106000
7/8/2021,128.25,130.032501,128.039993,129.177002,19780000
7/7/2021,130.341003,130.639893,129.759995,130.077499,16680000
7/6/2021,129.449493,129.884506,128.408997,129.770996,21350000
7/2/2021,126.8395,128.848007,126.768997,128.718994,21160000
7/1/2021,124.849747,126.462502,124.849747,126.3685,17120000
6/30/2021,125.653549,125.800003,124.7575,125.316002,24006000
6/29/2021,126.772499,127,125.436996,126.018501,20950000
6/28/2021,127,127.336998,125.973801,126.819504,28110000
6/25/2021,126.957001,127.504997,126.444,126.995003,33484000
6/24/2021,127.053497,127.5355,126.959999,127.281998,18934000
6/23/2021,126.550003,127.795998,126.251999,126.461502,19694000
6/22/2021,126.449997,127.269997,126.026497,126.999496,20984000
6/21/2021,125.739998,127.036751,125.134247,126.455002,26256000
6/18/2021,125.705498,126.389,124.602997,125.567497,53306000
6/17/2021,125.523003,127.196503,125.514999,126.371002,25756000
6/16/2021,126.247498,126.523499,124.149948,125.696503,26316000
6/15/2021,126.522003,126.862,125.648499,126.032997,22182000
6/14/2021,125.669502,126.411499,125.046997,126.351997,22550000
6/11/2021,126.246002,126.349503,124.914497,125.696503,25240000
6/10/2021,124.7005,126.163002,124.699997,126.080002,31234000
6/9/2021,124.974998,125.25,124.366501,124.57,20126000
6/8/2021,123.995003,124.724747,123.412003,124.142502,25060000
6/7/2021,122.566002,123.400002,122.05365,123.304497,23850000
6/4/2021,121.125999,122.692947,120.888496,122.587997,25948000
6/3/2021,119.750999,120.487251,119.141502,120.230499,18346000
6/2/2021,121.765503,122.099998,120.209999,121.064003,17158000
6/1/2021,121.099998,121.898552,120.244003,121.490501,19166000
5/28/2021,121.098,121.406998,120.384499,120.578003,24108000
5/27/2021,121.847,122,120.099998,120.125504,38962000
5/26/2021,120.641747,122.147202,120.625748,121.676498,21856000
5/25/2021,121,121.644501,120.149498,120.453499,18838000
5/24/2021,118.349998,120.924004,118.005501,120.333504,21244000
5/21/2021,118.2995,118.449997,117.1185,117.254997,22832000
5/20/2021,116.402,118.016998,116.054497,117.804497,23832000
5/19/2021,113.220001,115.837997,113.176003,115.435501,19350000
5/18/2021,116.845299,117.157501,115.157997,115.171501,17302000
5/17/2021,115.466003,116.167,114.75,116.070503,19842000
5/14/2021,114.591499,116.056999,114.166,115.807999,26624000
5/13/2021,113.054497,113.830048,112.136002,113.098503,26670000
5/12/2021,113.085503,114.268501,111.502502,111.954002,34934000
5/11/2021,114.593002,116.099998,114.150002,115.438004,32110000
5/10/2021,118.744499,118.900002,116.736504,117.083,26006000
5/7/2021,120,120.820503,119.5,119.934502,23272000
5/6/2021,117.531998,119.135498,117.116898,119.067497,20618000
5/5/2021,118.420998,119.110001,117.570503,117.836998,21806000
5/4/2021,118.487,118.962997,115.584999,117.712502,35120000
5/3/2021,120.136002,120.985001,119.224998,119.758499,33788000
4/30/2021,120.224503,121.357002,120.108002,120.505997,39142000
4/29/2021,120.516502,121.825996,120.113998,121.494499,39554000
4/28/2021,120.357246,122.618896,118.7425,118.995499,59728000
4/27/2021,116.800003,116.872498,115.213501,115.356003,31972000
4/26/2021,115.996498,117.063004,115.692001,116.336998,20834000
4/23/2021,114.1735,116.291,113.9105,115.764999,28670000
4/22/2021,114.661499,115.188103,112.822502,113.396004,21096000
4/21/2021,114.262497,114.765999,112.928497,114.664497,23930000
4/20/2021,115.394501,115.480003,113.585503,114.681503,21774000
4/19/2021,114.598999,115.922501,114.39225,115.120003,24688000
4/16/2021,115.150002,115.321999,114.222504,114.888,22596000
4/15/2021,113.848999,115.329849,113.300003,114.833,27472000
4/14/2021,113.758003,113.899498,112.459503,112.741997,20220000
4/13/2021,113.073502,113.860497,112.804497,113.363503,23310000
4/12/2021,113.3125,113.765999,111.923248,112.739502,31318000
4/9/2021,112.834999,114.452003,112.685699,114.293999,20888000
4/8/2021,113.898003,114.200249,112.884003,113.272003,27166000
4/7/2021,111.306503,112.75,111.266502,112.484001,25798000
4/6/2021,111.125,111.883003,110.739998,111.237503,27060000
4/5/2021,107.647003,111.865501,107.581001,111.277496,43298000
4/1/2021,104.897499,107.147003,104.844498,106.887497,33980000
3/31/2021,102.956001,104.666351,102.83725,103.431503,29198000
3/30/2021,102.8815,103.539001,102.2015,102.777,20732000
3/29/2021,101.393997,102.921501,100.780998,102.797501,24596000
3/26/2021,101.943001,102.5495,100.700996,101.777496,29870000
3/25/2021,102.240501,102.943497,100.536499,102.218002,28378000
3/24/2021,103.268501,103.9105,102.077751,102.252998,23080000
3/23/2021,102.584999,103.615097,101.960999,102.648003,27340000
3/22/2021,102.092003,102.899498,101.303497,101.929497,39096000
3/19/2021,102.102501,102.654999,100.884003,102.160004,46298000
3/18/2021,103.050003,103.775002,101.677498,101.810997,27228000
3/17/2021,103.801498,105.488998,102.699997,104.554001,25980000
3/16/2021,103.949501,106.178001,103.5,104.625999,29832000
3/15/2021,103.114998,103.352997,102.175499,103.324501,25962000
3/12/2021,104.25,104.513,102.377502,103.096001,34516000
3/11/2021,103.703003,106.285004,103.619003,105.738503,24782000
3/10/2021,103.587997,103.75,101.668503,102.751503,25372000
3/9/2021,103.5,103.902,102.391502,102.635002,33946000
3/8/2021,105.056503,106.440498,101.080498,101.208504,32948000
3/5/2021,103.655998,105.905502,102.320747,105.427002,43904000
3/4/2021,101.168503,104.461998,101.013496,102.454498,42360000
3/3/2021,103.360497,104.425903,100.5,101.335503,29684000
3/2/2021,103.809502,105.218498,103.563004,103.792,22692000
3/1/2021,102.825996,104.325996,102.305,104.0755,28090000
2/26/2021,102.526001,103.550499,100.803001,101.843002,41670000
2/25/2021,103.372498,104.744003,101.064499,101.568001,36568000
2/24/2021,102.091499,105.039001,101.906502,104.758499,24966000
2/23/2021,101.250504,104.100502,100.100998,103.542999,33348000
2/22/2021,103.349998,104.570999,103.107002,103.244003,27350000
2/19/2021,105.963501,106.526497,104.870499,105.056999,29148000
2/18/2021,105.519501,106.636749,105.185501,105.860001,22432000
2/17/2021,105,106.682999,104.945999,106.415497,21418000
2/16/2021,105.218002,107.634003,105.218002,106.095001,22676000
2/12/2021,104.512497,105.441002,104.156502,105.205498,17114000
2/11/2021,104.975502,105.101501,103.865997,104.794502,18914000
2/10/2021,104.710503,105.418503,103.154503,104.768997,22710000
2/9/2021,103.927002,105.2565,103.927002,104.175499,17798000
2/8/2021,105.295502,106.177353,103.599998,104.6455,24838000
2/5/2021,103.5,105.125504,102.966499,104.900002,30702000
2/4/2021,103.444504,103.927498,102.129501,103.1185,37046000
2/3/2021,103.650002,105.824997,100.918999,103.503502,82364000
2/2/2021,96.127998,97.788002,95.724503,96.375504,45474000
2/1/2021,92.678497,96.119598,92.546501,95.067497,32044000
1/29/2021,92.308502,92.863998,90.510002,91.787003,32252000
1/28/2021,92.196999,94.941498,92.132004,93.155502,35462000
1/27/2021,94.126503,94.5,90.449997,91.539497,54966000
1/26/2021,94.442001,96.25,94.21225,95.862,26262000
1/25/2021,96.033501,96.478996,93.376503,94.970001,38546000
1/22/2021,94.783997,95.547501,94.087997,95.052498,25442000
1/21/2021,94.900002,96.742996,94.355499,94.5625,41278000
1/20/2021,91.572998,95.185501,91.276497,94.345001,49806000
1/19/2021,87.612503,90.463753,87.072998,89.542999,34692000
1/15/2021,86.9095,87.800003,86.077499,86.809502,26844000
1/14/2021,87.681,88.750504,86.669998,87.009003,23590000
1/13/2021,86.929001,88.251747,86.900497,87.720001,21882000
1/12/2021,87.695999,88.902,86.265503,87.327499,27140000
1/11/2021,89.303497,89.715752,88.026001,88.335999,24194000
1/8/2021,89.399002,90.491997,88.67675,90.360497,41012000
1/7/2021,87.002998,89.419998,86.852501,89.362503,45300000
1/6/2021,85.1315,87.400002,84.949997,86.764503,52042000
1/5/2021,86.25,87.383499,85.900749,87.045998,22906000
1/4/2021,87.876999,88.032501,85.392502,86.412003,38038000
12/31/2020,86.771004,87.946503,86.771004,87.594002,20238000
12/30/2020,88.100502,88.254753,86.279999,86.975998,26122000
12/29/2020,89.389503,89.622002,87.804497,87.935997,25988000
12/28/2020,87.581749,89.5364,87.31675,88.804497,27860000
12/24/2020,86.75,87.300003,86.455498,86.942497,6936000
12/23/2020,86.405502,87.399498,86.251999,86.619003,20676000
12/22/2020,86.721497,86.870247,85.628754,86.175003,18734000
12/21/2020,85.675499,87.042503,84.949997,86.968498,36568000
12/18/2020,87.709,87.755501,86.011002,86.550499,80328000
12/17/2020,88.425499,88.589203,86.932999,87.394997,32494000
12/16/2020,88.643997,88.650002,87.804001,88.150002,30270000
12/15/2020,88.221001,88.570999,87.497498,88.388496,29646000
12/14/2020,88.75,89.869499,87.860748,88.002998,32004000
12/11/2020,88.153,89.222504,88,89.088501,24414000
12/10/2020,88.489998,89.065498,87.015999,88.766502,27256000
12/9/2020,90.600502,91.713501,88.390503,89.206497,30152000
12/8/2020,90.504997,91.095001,89.810249,90.927498,21926000
12/7/2020,90.949997,91.6185,90.289001,90.973999,26418000
12/4/2020,91.225998,91.657997,90.849503,91.399498,27564000
12/3/2020,91.2005,92.360001,91.1325,91.338501,24546000
12/2/2020,89.904999,91.782501,89.473648,91.397499,24440000
12/1/2020,88.718498,91.241501,88.468498,89.904999,34738000
11/30/2020,89.059196,89.403252,87.75,88.037003,36476000
11/27/2020,88.654503,90.199997,88.622002,89.6595,17698000
11/25/2020,88.644501,88.927002,87.827003,88.571503,20916000
11/24/2020,86.525002,88.580002,86.384499,88.444,31560000
11/23/2020,87.480003,87.695,85.886002,86.742996,43232000
11/20/2020,88.260498,88.699997,87.093002,87.109497,46270000
11/19/2020,86.918999,88.4795,86.85025,88.195999,24998000
11/18/2020,88.261497,88.6735,87.306999,87.338997,23470000
11/17/2020,88.847,89.25,88.349998,88.5075,22942000
11/16/2020,88.584999,89.953499,88.384499,89.069,24936000
11/13/2020,87.8815,89.052002,87.227501,88.850998,29998000
11/12/2020,87.3815,88.413498,87.279999,87.491997,24950000
11/11/2020,87.5,88.210999,87.368248,87.635498,25280000
11/10/2020,86.554497,88.150002,85.864998,87.019501,52722000
11/9/2020,89.544998,90.903,88.000999,88.150002,45366000
11/6/2020,87.697502,88.621498,87.017502,88.087502,33218000
11/5/2020,89.050003,89.681999,87.525497,88.168503,41316000
11/4/2020,85.514,88.568253,85.301498,87.456497,71418000
11/3/2020,81.588997,83.084999,80.831001,82.510498,33234000
11/2/2020,81.407997,83.038498,80.801498,81.301498,50708000
10/30/2020,83.605499,84.349998,80.223,81.050499,86582000
10/29/2020,76.117996,79.685501,76.112,78.362,40062000
10/28/2020,77.987,78.067497,75.731003,75.831001,36680000
10/27/2020,79.783501,80.342247,79.139,80.212997,24580000
10/26/2020,81.250504,81.912003,78.824997,79.522499,37066000
10/23/2020,81.303497,82.117996,81.025497,82.050003,27516000
10/22/2020,79.652496,81.099503,79.25,80.766502,28672000
10/21/2020,78.666496,80.936501,78.581497,79.665497,51366000
10/20/2020,76.352501,78.875,76.283501,77.796501,44834000
10/19/2020,79.023003,79.407501,76.400002,76.730499,32142000
10/16/2020,78.292503,79.056503,78.150002,78.650497,28694000
10/15/2020,77.357498,78.755249,77.251503,77.956497,30800000
10/14/2020,78.929497,79.384201,77.526497,78.403999,38586000
10/13/2020,79.186501,79.5,78.160004,78.584,32020000
10/12/2020,77.150002,79.693001,76.628502,78.457497,49652000
10/9/2020,74.735001,75.825996,74.472504,75.761002,28706000
10/8/2020,73.254501,74.5,73.254501,74.296501,23756000
10/7/2020,73.2145,73.447998,71.800003,73.014503,34924000
10/6/2020,73.778999,74.337997,72.429497,72.671997,24908000
10/5/2020,73.310501,74.4105,73.213501,74.301003,22266000
10/2/2020,73.101501,74.160004,72.545998,72.920998,25682000
10/1/2020,74.213501,74.952003,73.960503,74.504501,35590000
9/30/2020,73.339996,74.487503,72.994003,73.480003,34032000
9/29/2020,73.519501,73.833153,72.940247,73.466499,19564000
9/28/2020,73.710503,73.839996,72.46505,73.225998,40158000
9/25/2020,71.6315,72.5,70.667,72.248001,26460000
9/24/2020,70.551498,72.185448,70.4925,71.414497,29004000
9/23/2020,72.939003,73.047997,70.385002,70.760498,33148000
9/22/2020,72.504501,73.475998,71.726501,73.273003,31664000
9/21/2020,72.002998,72.417999,70.327499,71.557999,57776000
9/18/2020,74.900497,75.150146,71.856499,72.999496,62078000
9/17/2020,74.800003,75.414902,73.5,74.776497,37596000
9/16/2020,77.777,78.099998,75.990997,76.044998,26234000
9/15/2020,76.800003,77.9785,76.591751,77.071999,26622000
9/14/2020,76.950249,78.199997,75.787003,75.963997,33932000
9/11/2020,76.800003,78.760002,74.867996,76.036003,31942000
9/10/2020,78.031998,79.204048,76.290253,76.600998,32372000
9/9/2020,77.876503,78.449997,76.802551,77.848,35494000
9/8/2020,76.675499,78.193253,76.400497,76.619499,52218000
9/4/2020,81.212997,82.255501,77.380653,79.552002,52172000
9/3/2020,85.485703,85.485703,80.752998,82.092003,62156000
9/2/2020,83.688751,86.658997,83.316498,86.414001,50224000
9/1/2020,81.831497,83.286499,81.611,83.0355,36506000
8/31/2020,82.394501,82.398247,81.515503,81.709,36468000
8/28/2020,81.6745,82.358498,81.537498,82.220497,29980000
8/27/2020,82.683998,82.75,81.287498,81.716499,37232000
8/26/2020,80.400002,82.960999,80.18,82.619003,79868000
8/25/2020,79.1035,80.581001,79.1035,80.411003,44942000
8/24/2020,79.698997,80.708504,79.028503,79.410004,28198000
8/21/2020,78.851501,79.886002,78.400253,79.021004,28930000
8/20/2020,77.172501,79.293503,76.910004,79.087502,34138000
8/19/2020,77.665497,78.683998,77.197502,77.376503,33212000
8/18/2020,76.308998,78.123497,76.185501,77.93,40542000
8/17/2020,75.733498,76.280502,75.398499,75.899002,27566000
8/14/2020,75.782997,76.095001,75.143997,75.386497,27096000
8/13/2020,75.516998,76.862503,75.400253,75.922501,29104000
8/12/2020,74.278999,75.619301,74.262497,75.331001,28740000
8/11/2020,74.622002,75.5,73.900002,74.015999,29088000
8/10/2020,74.359001,75.203751,73.653999,74.805,25786000
8/7/2020,75,75.842247,74.082001,74.724503,31556000
8/6/2020,73.587502,75.119499,73.300003,75.004997,39908000
8/5/2020,73.464996,74.120499,73.172997,73.680496,39590000
8/4/2020,73.828499,74.278,72.932503,73.248497,38070000
8/3/2020,74.332001,74.523499,73.281998,73.722504,46604000
7/31/2020,75.25,75.45,72.7,74.15,68580720
7/30/2020,74.85,76.89,74.61,76.57,33427920
7/29/2020,75.32,76.56,75.07,76.1,22130680
7/28/2020,76.26,76.32,74.88,75.02,34043480
7/27/2020,75.78,77.05,75.76,76.51,24919600
7/24/2020,74.95,75.88,74.42,75.59,30888080
7/23/2020,78.35,78.59,75.37,75.78,32552680
7/22/2020,78.03,78.5,77.31,78.42,18639700
7/21/2020,79.35,79.35,77.71,77.92,24372900
7/20/2020,75.76,78.51,75.18,78.29,31145040
7/17/2020,76.08,76.17,74.92,75.78,29140200
7/16/2020,75,75.93,74.32,75.9,30386900
7/15/2020,76.16,76.77,74.9,75.68,32213680
7/14/2020,74.52,76.15,74.18,76.03,31700320
7/13/2020,77.5,78.86,75.26,75.57,36928480
7/10/2020,75.31,77.19,74.83,77.09,37134080
7/9/2020,75.32,76.14,74.4,75.55,28466440
7/8/2020,74.72,75.29,74.28,74.8,24993160
7/7/2020,74.5,75.84,74.18,74.26,29163440
7/6/2020,74,75.33,73.64,74.79,31279940
7/2/2020,72.35,74.15,72.32,73.24,37189600
7/1/2020,70.56,72.15,70.49,71.9,35503340
6/30/2020,69.52,70.93,69.2,70.68,40847620
6/29/2020,67.91,69.78,67.35,69.75,36203600
6/26/2020,71.57,71.67,67.6,68,85353960
6/25/2020,71.5,72.15,71,72.07,24609480
6/24/2020,73.08,73.77,71.49,71.6,35120440
6/23/2020,72.78,73.8,72.26,73.22,28595280
6/22/2020,71.45,72.64,71.16,72.59,30848800
6/19/2020,72.2,72.39,71.07,71.59,63157500
6/18/2020,72.46,72.57,71.35,71.8,31638320
6/17/2020,72.36,73,71.57,72.56,30992300
6/16/2020,72.26,72.75,71.3,72.14,34232280
6/15/2020,69.54,71.24,69.4,70.99,30121920
6/12/2020,71.42,71.85,69.3,70.66,38927340
6/11/2020,72.12,72.72,70.1,70.19,39826640
6/10/2020,72.98,73.71,72.81,73.29,30503060
6/9/2020,72.27,73.4,72.16,72.81,28184980
6/8/2020,71.12,72.4,71.12,72.33,28083560
6/5/2020,70.66,72.25,70.3,71.92,34704880
6/4/2020,71.52,71.95,70.24,70.61,29685440
6/3/2020,71.92,72.33,71.49,71.82,25123720
6/2/2020,71.53,71.98,70.94,71.96,25562560
6/1/2020,70.92,71.9,70.9,71.59,24342800
5/29/2020,70.85,71.63,70.67,71.45,36761180
5/28/2020,69.84,72.04,69.8,70.84,33879520
5/27/2020,70.86,71.09,69.56,70.89,33722840
5/26/2020,71.86,72.05,70.61,70.85,41212860
5/22/2020,69.84,70.64,69.59,70.52,26188160
5/21/2020,70.4,70.77,69.67,70.14,27703880
5/20/2020,69.48,70.52,69.36,70.34,33107500
5/19/2020,69.35,69.6,68.67,68.67,25612980
5/18/2020,68.09,69.62,67.71,69.2,36479280
5/15/2020,67.5,68.72,66.95,68.66,34154940
5/14/2020,66.75,67.87,66.2,67.81,32061540
5/13/2020,68.85,69.27,66.42,67.47,36251700
5/12/2020,70.36,70.75,68.74,68.79,27812000
5/11/2020,68.91,70.83,68.86,70.16,28242320
5/8/2020,69.16,69.94,68.77,69.42,27761360
5/7/2020,68.3,68.88,67.76,68.63,27995180
5/6/2020,68.08,68.56,67.36,67.37,24308460
5/5/2020,66.9,68.7,66.87,67.56,33030660
5/4/2020,65.41,66.38,64.95,66.34,30080340
5/1/2020,66.43,67.6,65.55,66.03,41452780
4/30/2020,66.24,67.64,66.12,67.43,53378120
4/29/2020,67.07,68,66.27,67.07,75872480
4/28/2020,64.4,64.4,61.61,61.68,59026180
4/27/2020,64.8,64.81,63.45,63.79,32011260
4/24/2020,63.06,64.02,62.47,63.97,32807880
4/23/2020,63.58,64.67,63.28,63.82,31324060
4/22/2020,62.28,64.28,62.1,63.16,41862800
4/21/2020,62.35,62.71,60.49,60.82,43060060
4/20/2020,63.55,64.08,63.07,63.33,33909760
4/17/2020,64.24,64.72,63.56,64.16,38980840
4/16/2020,63.71,63.95,62.13,63.17,50361980
4/15/2020,62.28,64.02,62.02,63.12,33434060
4/14/2020,62.25,64.1,61.85,63.46,49407060
4/13/2020,60.46,61.03,59.38,60.88,34796560
4/9/2020,61.2,61.28,59.84,60.57,43508420
4/8/2020,60.33,60.95,59.41,60.51,39502700
4/7/2020,61.05,61.25,59.11,59.33,47746580
4/6/2020,56.9,59.73,56.55,59.35,52898000
4/3/2020,55.95,56.18,53.99,54.89,46268000
4/2/2020,54.91,56.34,54.82,56.04,39297620
4/1/2020,56.1,56.48,54.87,55.28,46883460
3/31/2020,57.37,58.77,56.91,58.14,49759660
3/30/2020,56.25,57.58,54.82,57.34,51481220
3/27/2020,56.28,57.53,55.3,55.54,64169900
3/26/2020,55.59,58.5,54.68,58.09,71475100
3/25/2020,56.32,57.45,54.3,55.12,81630560
3/24/2020,55.19,56.75,54.53,56.72,66889000
3/23/2020,53.07,53.57,50.68,52.83,80882740
3/20/2020,56.79,57.2,53.27,53.62,72035000
3/19/2020,54.65,57.9,53.01,55.76,73022120
3/18/2020,52.83,55.33,51.86,54.84,84668700
3/17/2020,54.66,56.54,52.8,55.99,77229780
3/16/2020,54.8,57.61,53.72,54.22,85047300
3/13/2020,58.95,60.99,55.86,60.99,74002500
3/12/2020,56.3,59.69,55.67,55.75,84534960
3/11/2020,62.49,63.05,59.8,60.77,52224580
3/10/2020,63,64.06,60.94,64.02,52227460
3/9/2020,60.27,62.74,60,60.78,67307300
3/6/2020,63.85,65.31,63.05,64.92,53212560
3/5/2020,67.51,67.95,65.26,65.95,51225760
3/4/2020,67.96,69.4,67.16,69.33,38266300
3/3/2020,69.97,70.51,66.6,67.07,48046520
3/2/2020,67.58,69.54,66.34,69.46,48629360
2/28/2020,63.88,67.06,63.55,66.97,75812360
2/27/2020,68.1,68.59,65.86,65.9,59566000
2/26/2020,69.81,70.79,68.95,69.66,44080740
2/25/2020,71.65,71.91,69.12,69.42,49565560
2/24/2020,71.31,71.85,70.57,71.08,57341060
2/21/2020,75.4,75.61,74.02,74.26,34645460
2/20/2020,76.1,76.48,75.34,75.91,21931040
2/19/2020,76.25,76.61,76.07,76.33,18985360
2/18/2020,75.75,76.58,75.63,75.98,22422800
2/14/2020,75.78,76.04,75.37,76.04,23956720
2/13/2020,75.63,76.36,75.23,75.73,18594600
2/12/2020,75.72,76.03,75.41,75.91,23351300
2/11/2020,75.59,76.48,75.28,75.44,26892660
2/10/2020,73.72,75.48,73.72,75.43,28397520
2/7/2020,73.37,74.29,73.32,73.96,23445400
2/6/2020,72.52,74.1,72.48,73.81,33587680
2/5/2020,73.12,73.19,71.53,72.41,39723140
2/4/2020,72.85,73.48,71.32,72.35,78659080
2/3/2020,73.1,74.5,72.95,74.3,61104320
1/31/2020,73.45,73.51,71.43,71.71,48344280
1/30/2020,72,72.86,71.82,72.79,26788420
1/29/2020,72.94,73.27,72.34,72.93,21573340
1/28/2020,72.15,72.8,71.62,72.63,31548440
1/27/2020,71.55,71.9,71.06,71.7,35104020
1/24/2020,74.68,74.77,73.26,73.34,35692880
1/23/2020,74.38,74.78,74.11,74.33,27027080
1/22/2020,74.55,75.16,74.25,74.3,32216920
1/21/2020,73.96,74.59,73.56,74.22,40735600
1/17/2020,73.15,74.06,72.91,74.02,47924300
1/16/2020,72.37,72.6,72.05,72.59,23473760
1/15/2020,71.51,72.07,71.51,71.96,25653700
1/14/2020,71.95,72.09,71.42,71.54,31209060
1/13/2020,71.81,72.03,71.3,71.96,33069640
1/10/2020,71.38,71.75,70.92,71.49,36431320
1/9/2020,71.03,71.37,70.51,70.99,30053280
1/8/2020,69.6,70.58,69.54,70.22,30583540
1/7/2020,69.9,70.15,69.52,69.67,30233860
1/6/2020,67.5,69.83,67.5,69.71,34662980
1/3/2020,67.39,68.63,67.28,68.03,23740120
1/2/2020,67.08,68.41,67.08,68.37,28134620
12/31/2019,66.51,66.9,66.45,66.85,19249360
12/30/2019,67.5,67.65,66.7,66.81,21026460
12/27/2019,68.15,68.23,67.47,67.59,20774360
12/26/2019,67.31,68.07,67.22,68.02,13355080
12/24/2019,67.43,67.51,67.14,67.18,6950360
12/23/2019,67.79,67.99,67.33,67.44,17664000
12/20/2019,68.17,68.18,67.45,67.48,66338100
12/19/2019,67.59,67.91,67.45,67.8,29402240
12/18/2019,67.83,68.02,67.55,67.63,33141380
12/17/2019,68.14,68.25,67.57,67.76,37105180
12/16/2019,67.83,68.23,67.63,68.06,27949020
12/13/2019,67.4,67.65,67.19,67.39,30988500
12/12/2019,67.3,67.79,67.03,67.51,25634440
12/11/2019,67.54,67.56,67.13,67.25,17015920
12/10/2019,67.08,67.5,66.8,67.23,21893060
12/9/2019,66.9,67.97,66.89,67.18,27115900
12/6/2019,66.67,67.2,66.67,67.03,26310200
12/5/2019,66.4,66.47,65.82,66.41,24256360
12/4/2019,65.35,66.29,65.24,66.03,30762200
12/3/2019,63.98,64.92,63.95,64.76,25372940
12/2/2019,65.05,65.29,64.05,64.5,30237020
11/29/2019,65.36,65.51,65.2,65.25,11739620
11/27/2019,65.75,65.92,65.48,65.65,19926580
11/26/2019,65.49,65.74,65.25,65.68,21395900
11/25/2019,64.96,65.57,64.91,65.33,20729740
11/22/2019,65.28,65.44,64.57,64.77,27730120
11/21/2019,65.07,65.63,64.65,65.07,19909980
11/20/2019,65.59,65.75,64.56,65.15,26196700
11/19/2019,66.39,66.39,65.64,65.77,25387440
11/18/2019,66.61,66.78,65.88,66.04,29761660
11/15/2019,65.95,66.74,65.71,66.74,35659100
11/14/2019,64.88,65.85,64.78,65.57,23886100
11/13/2019,64.7,65.22,64.68,64.9,17077220
11/12/2019,65,65.5,64.79,64.94,21717180
11/11/2019,65.16,65.32,64.87,64.96,20248580
11/8/2019,65.26,65.9,65.22,65.57,25038320
11/7/2019,64.71,66.19,64.71,65.44,40599400
11/6/2019,64.47,64.69,64.13,64.59,23059540
11/5/2019,64.64,64.95,64.56,64.6,25654220
11/4/2019,63.82,64.71,63.82,64.57,30019280
11/1/2019,63.25,63.73,63.03,63.69,33401440
10/31/2019,63.06,63.38,62.54,63.01,29113020
10/30/2019,62.65,63.47,62.6,63.06,28177020
10/29/2019,63.81,64.08,62.86,63.13,37727600
10/28/2019,63.77,64.97,63.63,64.5,52264740
10/25/2019,62.55,63.48,62.5,63.26,24261020
10/24/2019,63.05,63.2,62.69,63.05,20797360
10/23/2019,62.12,62.99,62.12,62.96,18571900
10/22/2019,62.39,62.53,62.07,62.14,20957020
10/21/2019,62.61,62.73,62.03,62.31,20760840
10/18/2019,62.67,62.94,62.05,62.27,27056780
10/17/2019,62.55,63.17,62.5,62.65,19610200
10/16/2019,62.06,62.74,61.92,62.18,23363480
10/15/2019,61.02,62.37,61.02,62.15,27905180
10/14/2019,60.62,61.32,60.59,60.86,17640780
10/11/2019,61.11,61.42,60.69,60.77,25542880
10/10/2019,59.93,60.75,59.87,60.43,18650620
10/9/2019,59.97,60.42,59.88,60.12,17532640
10/8/2019,59.88,60.3,59.45,59.46,22835680
10/7/2019,60.22,60.91,60.19,60.38,17342980
10/4/2019,59.59,60.57,59.46,60.45,23665280
10/3/2019,59,59.45,58.12,59.39,33273120
10/2/2019,59.85,59.85,58.56,58.83,32784740
10/1/2019,60.95,61.56,60.18,60.26,27165580
9/30/2019,61.05,61.3,60.62,60.95,28393520
9/27/2019,62.15,62.2,60.72,61.25,27088640
9/26/2019,62.1,62.25,61.61,62.07,31237640
9/25/2019,60.79,62.42,60.5,62.33,31877500
9/24/2019,62,62.34,60.53,60.94,31835720
9/23/2019,61.3,61.95,61.21,61.7,21505060
9/20/2019,61.66,62.17,61.15,61.5,46745380
9/19/2019,61.6,62.22,61.6,61.94,20003100
9/18/2019,61.38,61.78,60.83,61.62,22886660
9/17/2019,61.52,61.75,61.18,61.46,19162240
9/16/2019,61.48,61.98,61.28,61.57,21065980
9/13/2019,61.57,62.04,61.35,61.98,26027000
9/12/2019,61.22,62.09,61.15,61.71,34518160
9/11/2019,60.17,61.13,60.11,61.01,26140660
9/10/2019,59.76,60.5,59.73,60.3,25202300
9/9/2019,60.2,61,59.63,60.22,29437600
9/6/2019,60.41,60.6,60.13,60.25,21442860
9/5/2019,59.58,60.65,59.58,60.57,28172020
9/4/2019,58.84,59.17,58.55,59.07,21379360
9/3/2019,58.85,59.34,58.16,58.42,29608400
8/30/2019,59.93,59.93,59.19,59.41,22599180
8/29/2019,59.06,59.8,59.06,59.64,21777160
8/28/2019,58.09,58.82,57.87,58.55,16044860
8/27/2019,59.03,59.12,58.07,58.39,21549040
8/26/2019,57.86,58.47,57.65,58.44,24528820
8/23/2019,59.1,59.7,57.39,57.56,33765420
8/22/2019,59.7,59.9,58.93,59.48,18958120
8/21/2019,59.66,59.95,59.37,59.56,14821060
8/20/2019,59.76,59.8,59.11,59.13,18312100
8/19/2019,59.5,60.35,59.5,59.92,24650340
8/16/2019,58.98,59.14,58.59,58.88,26988720
8/15/2019,58.18,58.79,58.11,58.36,24494780
8/14/2019,58.82,59.12,58.03,58.21,31573360
8/13/2019,58.57,60.24,58.57,59.86,26360180
8/12/2019,58.96,59.25,58.38,58.74,20063740
8/9/2019,59.9,60.19,59.18,59.4,21313160
8/8/2019,59.14,60.25,58.65,60.24,29359940
8/7/2019,57.8,58.92,57.48,58.7,28886480
8/6/2019,58.17,59,58,58.5,34187480
8/5/2019,58.5,58.76,57.01,57.62,51949100
8/2/2019,60.04,60.35,59.45,59.7,32901340
8/1/2019,60.7,61.71,60.29,60.45,33970200
7/31/2019,61.15,61.7,60.39,60.83,34509080
7/30/2019,61.27,61.74,61.17,61.26,29065260
7/29/2019,62.05,62.37,61.41,61.97,44474620
7/26/2019,61.2,63.28,61.2,62.52,96115040
7/25/2019,56.89,57.09,56.05,56.61,44196460
7/24/2019,56.6,57.2,56.35,56.89,31802020
7/23/2019,57.2,57.35,56.59,57.31,21873760
7/22/2019,56.67,56.96,56.21,56.9,26036920
7/19/2019,57.41,57.56,56.48,56.51,32944900
7/18/2019,57.09,57.38,56.64,57.32,25825620
7/17/2019,57.55,57.92,57.29,57.32,23400940
7/16/2019,57.3,57.93,57.25,57.68,24776140
7/15/2019,57.34,57.54,56.97,57.52,18075600
7/12/2019,57.2,57.37,56.94,57.25,17279460
7/11/2019,57.16,57.65,56.98,57.21,23911380
7/10/2019,56.56,57.1,56.55,57.02,24189320
7/9/2019,55.59,56.4,55.36,56.24,26607400
7/8/2019,56.26,56.3,55.56,55.82,24728380
7/5/2019,55.89,56.64,55.81,56.58,25290800
7/3/2019,55.87,56.34,55.69,56.08,15340220
7/2/2019,55.11,55.59,54.91,55.56,19835100
7/1/2019,54.9,55.38,54.69,54.9,28770080
6/28/2019,53.82,54.05,53.67,54.05,33869000
6/27/2019,54.2,54.36,53.76,53.8,20089540
6/26/2019,54.33,54.65,53.61,53.99,36217380
6/25/2019,55.63,55.72,54.19,54.32,30938260
6/24/2019,55.98,56.1,55.55,55.78,27913920
6/21/2019,55.46,56.21,55.4,56.09,38951820
6/20/2019,56,56.01,55.24,55.57,25240220
6/19/2019,55.28,55.35,54.67,55.12,26784360
6/18/2019,55.48,55.82,54.95,55.18,27733680
6/17/2019,54.31,54.96,54.31,54.63,18832040
6/14/2019,54.32,54.63,54.01,54.27,22232860
6/13/2019,54.18,54.71,54.01,54.44,21160000
6/12/2019,53.9,54.05,53.38,53.85,21225100
6/11/2019,54.7,55.1,53.88,53.94,28741260
6/10/2019,53.65,54.63,53.62,54.02,29284960
6/7/2019,52.53,53.55,52.42,53.3,36047400
6/6/2019,52.25,52.37,51.69,52.22,34064880
6/5/2019,52.58,52.68,51.52,52.11,43368780
6/4/2019,52.15,52.8,51.68,52.65,56669660
6/3/2019,53.28,53.28,51.25,51.81,102611520
5/31/2019,55.06,55.48,55.01,55.18,30164060
5/30/2019,55.78,56.16,55.61,55.9,19037460
5/29/2019,56.38,56.46,55.41,55.82,30764240
5/28/2019,56.7,57.58,56.66,56.71,27303320
5/24/2019,57.37,57.49,56.58,56.67,22246820
5/23/2019,57.03,57.3,56.46,57.04,23986000
5/22/2019,57.34,57.93,57.29,57.57,18296780
5/21/2019,57.42,57.64,56.9,57.48,23203160
5/20/2019,57.23,57.34,56.57,56.94,27065840
5/17/2019,58.42,59.01,58,58.12,24172460
5/16/2019,58.23,59.41,58.14,58.95,30628080
5/15/2019,55.89,58.57,55.83,58.21,45786040
5/14/2019,56.86,57.02,55.98,56.02,36732080
5/13/2019,57.1,57.4,56.11,56.6,37212960
5/10/2019,58.18,58.63,57.13,58.21,26290920
5/9/2019,57.95,58.48,57.54,58.12,23719460
5/8/2019,58.6,59.02,58.29,58.31,26190280
5/7/2019,59.02,59.52,58.05,58.71,31027360
5/6/2019,58.31,59.54,58.31,59.47,31278860
5/3/2019,58.68,59.34,58.45,59.27,39613060
5/2/2019,58.39,58.71,57.75,58.13,38896340
5/1/2019,59.4,59.4,58.36,58.4,52859660
4/30/2019,59.25,59.64,58.75,59.42,124140540
4/29/2019,63.7,64.46,63.31,64.38,49988640
4/26/2019,63.45,63.65,63.02,63.61,24828560
4/25/2019,63.24,63.37,62.6,63.17,22145900
4/24/2019,63.21,63.4,62.75,62.8,20375060
4/23/2019,62.53,63.45,62.32,63.23,26398200
4/22/2019,61.8,62.45,61.42,62.44,16146680
4/18/2019,61.96,62.1,61.73,61.82,26636460
4/17/2019,61.65,62.03,61.39,61.82,24438600
4/16/2019,61.25,61.54,61.01,61.36,17126080
4/15/2019,60.9,61.21,60.46,61.06,23750380
4/12/2019,60.5,60.92,60.41,60.89,18675880
4/11/2019,60.2,60.4,60.01,60.23,14204620
4/10/2019,60.03,60.19,59.82,60.11,14492860
4/9/2019,59.8,60.11,59.65,59.86,17527620
4/8/2019,60.39,60.43,59.99,60.19,17207260
4/5/2019,60.75,60.81,60.25,60.36,18143040
4/4/2019,60.3,60.78,60.21,60.75,19014940
4/3/2019,60.37,60.82,60.03,60.3,20356760
4/2/2019,59.77,60.07,59.29,60.02,16559460
4/1/2019,59.21,59.83,59.1,59.72,25055140
3/29/2019,58.75,58.95,58.14,58.67,25399580
3/28/2019,58.58,58.58,57.97,58.42,20248600
3/27/2019,59.28,59.38,57.97,58.65,28004800
3/26/2019,59.93,60.14,58.84,59.23,38023120
3/25/2019,59.85,60.32,59.35,59.65,29936860
3/22/2019,61.32,61.5,60.14,60.28,34284940
3/21/2019,60.8,61.59,60.66,61.58,24080900
3/20/2019,59.87,61.36,59.81,61.2,44555720
3/19/2019,59.44,60,59.29,59.94,30413760
3/18/2019,59.17,59.5,58.87,59.21,25852660
3/15/2019,59.67,59.83,59.13,59.22,49199140
3/14/2019,59.73,59.89,59.22,59.28,23456300
3/13/2019,60.03,60.05,59.6,59.67,28718720
3/12/2019,58.91,60,58.91,59.66,40262300
3/11/2019,57.22,58.81,57.22,58.79,34383840
3/8/2019,56.34,57.35,56.17,57.12,24249780
3/7/2019,57.79,57.84,56.75,57.17,23331180
3/6/2019,58.12,58.38,57.77,57.89,21985780
3/5/2019,57.5,58.48,57.31,58.1,28863480
3/4/2019,57.35,57.91,56.53,57.39,28920940
3/1/2019,56.25,57.15,56.24,57.05,29006320
2/28/2019,55.57,56.38,55.55,56,30852180
2/27/2019,55.35,55.9,55.05,55.8,19375200
2/26/2019,55.29,55.98,55,55.76,29434860
2/25/2019,55.8,55.93,55.36,55.47,28261220
2/22/2019,55.05,55.56,54.78,55.52,20990900
2/21/2019,55.54,55.6,54.63,54.85,28309460
2/20/2019,56,56.17,55.26,55.69,21756340
2/19/2019,55.5,56.09,55.5,55.93,20932560
2/15/2019,56.5,56.58,55.53,55.68,28996600
2/14/2019,55.9,56.41,55.52,56.08,18952640
2/13/2019,56.25,56.74,55.93,56.01,20995620
2/12/2019,55.34,56.26,55.29,56.07,32190260
2/11/2019,54.85,55.3,54.64,54.75,21303880
2/8/2019,54.35,54.95,54.33,54.75,21515380
2/7/2019,55.21,55.24,54.3,54.94,40896540
2/6/2019,56.98,57.35,55.64,55.76,42111840
2/5/2019,56.24,57.34,55.86,57.3,71043880
2/4/2019,55.63,56.64,55.45,56.64,51529400
2/1/2019,55.62,56.25,55.24,55.54,29244160
1/31/2019,55.15,55.87,54.77,55.82,30766480
1/30/2019,53.42,54.55,53.34,54.45,25596440
1/29/2019,53.63,53.76,52.79,53.03,20436380
1/28/2019,54.01,54.15,53.19,53.5,25685620
1/25/2019,54.25,54.7,54.09,54.55,22384320
1/24/2019,53.82,53.97,53.04,53.7,27233460
1/23/2019,53.87,54.25,52.99,53.78,19339120
1/22/2019,54.4,54.58,53.17,53.53,32270540
1/18/2019,55,55.42,54.55,54.91,39111180
1/17/2019,53.97,54.59,53.68,54.5,24853280
1/16/2019,54,54.62,53.97,54.05,26636380
1/15/2019,52.51,54,52.37,53.86,29271400
1/14/2019,52.35,52.58,52.06,52.23,22885260
1/11/2019,53.16,53.19,52.42,52.86,30415120
1/10/2019,53.38,53.56,52.89,53.52,29128420
1/9/2019,54.08,54.13,53.32,53.73,23985440
1/8/2019,53.81,54.23,53.03,53.81,35305340
1/7/2019,53.58,53.7,52.74,53.42,39637480
1/4/2019,51.63,53.54,51.37,53.54,41877880
1/3/2019,52.05,52.85,50.7,50.8,36821320
1/2/2019,50.83,52.62,50.79,52.29,30652160
12/31/2018,52.55,52.64,51.18,51.78,29874440
12/28/2018,52.48,52.78,51.66,51.85,28275440
12/27/2018,50.86,52.19,49.85,52.19,42195540
12/26/2018,49.45,52,49.15,51.97,47465400
12/24/2018,48.7,50.18,48.51,48.81,31806560
12/21/2018,50.77,51.2,48.68,48.98,91917820
12/20/2018,50.91,51.71,49.82,50.47,53469280
12/19/2018,51.7,53.1,50.4,51.15,49586760
12/18/2018,51.3,52.47,51.07,51.44,43850660
12/17/2018,51.88,52.66,50.4,50.83,47707280
12/14/2018,52.5,53.13,52.04,52.11,33732380
12/13/2018,53.4,53.99,52.7,53.1,26595360
12/12/2018,53.4,54.08,53.14,53.18,30476080
12/11/2018,52.82,53.03,51.99,52.59,27894620
12/10/2018,51.75,52.42,51.16,51.98,36154500
12/7/2018,53,53.76,51.43,51.83,42024120
12/6/2018,51.71,53.56,51.54,53.44,55384500
12/4/2018,55.16,55.22,52.5,52.54,46903320
12/3/2018,56.16,56.23,55.18,55.32,39815160
11/30/2018,54.45,54.78,53.89,54.72,51612240
11/29/2018,53.8,54.71,53.8,54.42,29377180
11/28/2018,52.44,54.34,51.79,54.31,49508380
11/27/2018,52.05,52.88,51.92,52.22,36063280
11/26/2018,51.92,52.47,51.7,52.43,38856440
11/23/2018,51.5,51.88,51.12,51.19,13829240
11/21/2018,51.84,52.43,51.67,51.88,30685480
11/20/2018,50,51.59,49.8,51.29,48982600
11/19/2018,52.86,53.04,50.81,51,37172280
11/16/2018,52.97,53.35,52.45,53.07,33162320
11/15/2018,52.24,53.59,51.59,53.24,36721680
11/14/2018,52.5,52.73,51.55,52.18,31318900
11/13/2018,52.16,52.83,51.56,51.8,30274040
11/12/2018,53.07,53.11,51.55,51.93,29435160
11/9/2018,53.7,53.78,52.66,53.31,26866260
11/8/2018,54.57,54.66,53.61,54.12,29763640
11/7/2018,53.45,54.77,53.3,54.67,41167120
11/6/2018,51.97,53.22,51.9,52.79,24666120
11/5/2018,52.75,52.92,51.06,52,48828600
11/2/2018,53.69,54.15,52.73,52.89,36780860
11/1/2018,53.79,54.2,53.12,53.5,29639580
10/31/2018,52.99,54.6,52.85,53.84,50595360
10/30/2018,50.42,51.87,50.04,51.81,64253140
10/29/2018,54.12,54.85,49.79,51,77614460
10/26/2018,51.85,55.33,51.7,53.57,83751720
10/25/2018,53.59,55.55,53.48,54.78,50916780
10/24/2018,55.21,55.31,52.44,52.54,39648600
10/23/2018,54.04,55.39,53.5,55.18,36973080
10/22/2018,55.15,55.61,54.55,55.06,30284400
10/19/2018,54.67,55.52,54.39,54.82,25352980
10/18/2018,56.09,56.09,53.85,54.4,41890480
10/17/2018,56.32,56.45,55.11,55.78,29344520
10/16/2018,55.23,56.21,55.13,56.06,38570800
10/15/2018,55.45,55.67,54.45,54.61,27447860
10/12/2018,55.4,55.75,54.32,55.5,42026060
10/11/2018,53.65,55.32,53.41,53.97,59002400
10/10/2018,56.55,56.61,54.06,54.06,53514840
10/9/2018,57.31,57.72,56.88,56.94,26175280
10/8/2018,57.51,58.4,56.37,57.45,38647100
10/5/2018,58.38,58.68,57.26,57.87,23689040
10/4/2018,59.77,59.88,57.78,58.41,44189800
10/3/2018,60.25,60.32,59.69,60.15,25124280
10/2/2018,59.55,60.5,59.33,60.01,33758280
10/1/2018,59.99,60.5,59.52,59.77,27152080
9/28/2018,59.59,59.77,59.23,59.67,27612580
9/27/2018,59.34,60.11,59.18,59.73,25215080
9/26/2018,59.26,59.71,58.74,59.02,29245060
9/25/2018,58.81,59.34,58.4,59.23,19554620
9/24/2018,57.86,58.9,57.35,58.67,25420340
9/21/2018,59.6,59.61,58.3,58.3,88111680
9/20/2018,59,59.49,58.67,59.34,24507740
9/19/2018,58.25,58.66,57.73,58.55,23827720
9/18/2018,57.85,58.8,57.85,58.06,24073720
9/17/2018,58.51,58.86,57.7,57.8,26130440
9/14/2018,58.96,59.02,58.42,58.63,18879560
9/13/2018,58.54,58.93,58.14,58.77,28624280
9/12/2018,58.64,58.93,57.92,58.14,25909440
9/11/2018,58.08,58.93,57.81,58.87,24191300
9/10/2018,58.61,58.73,58.01,58.23,22315920
9/7/2018,57.93,58.76,57.86,58.24,28028080
9/6/2018,59.32,59.32,57.6,58.57,37769340
9/5/2018,59.69,59.95,58.1,59.32,41226180
9/4/2018,60.21,60.65,59.63,59.85,36620900
8/31/2018,61.75,61.93,60.56,60.91,36328520
8/30/2018,62.21,62.68,61.63,61.96,26628780
8/29/2018,61.87,62.53,61.82,62.47,26186240
8/28/2018,62.06,62.13,61.43,61.56,26080140
8/27/2018,61.38,62.15,61.29,62.09,23125100
8/24/2018,60.44,61.08,60.32,61.03,18936800
8/23/2018,60.36,61.06,60.21,60.27,19852080
8/22/2018,60,60.59,59.95,60.37,17747780
8/21/2018,60.4,60.86,60.02,60.08,24111600
8/20/2018,60.25,60.55,59.73,60.39,17415440
8/17/2018,60.1,60.45,59.41,60.05,27792900
8/16/2018,61.24,61.3,60.13,60.32,26863220
8/15/2018,61.46,61.76,60.48,60.72,36576280
8/14/2018,61.76,62.29,61.26,62.11,26963880
8/13/2018,61.85,62.46,61.68,61.75,19946920
8/10/2018,62.15,62.28,61.6,61.88,22178380
8/9/2018,62.5,62.78,62.3,62.46,16972020
8/8/2018,62.02,62.83,61.9,62.28,27418260
8/7/2018,61.85,62.56,61.81,62.11,29879600
8/6/2018,61.25,61.3,60.79,61.24,21634460
8/3/2018,61.48,61.5,60.75,61.19,21797920
8/2/2018,60.3,61.49,60.24,61.31,30625980
8/1/2018,61.4,61.67,60.51,61,31345280
7/31/2018,61,61.38,60.28,60.86,32894440
7/30/2018,61.4,61.75,60.57,60.99,36998080
7/27/2018,63.55,63.69,61.55,61.93,42611160
7/26/2018,62.55,63.49,62.45,63.42,48112760
7/25/2018,61.96,63.29,61.96,63.19,42799980
7/24/2018,63.13,63.3,61.78,62.4,66364080
7/23/2018,59.05,60.32,59.05,60.28,52384680
7/20/2018,59.35,59.84,59.21,59.25,24968000
7/19/2018,59.55,60,59.17,59.35,25533340
7/18/2018,59.83,60.23,59.52,59.79,27872120
7/17/2018,58.61,60.15,58.53,59.94,32207060
7/16/2018,59.47,59.55,58.96,59.19,21113240
7/13/2018,59.25,59.77,59,59.44,24441440
7/12/2018,57.99,59.22,57.8,59.17,25037680
7/11/2018,57.23,58.21,57.05,57.7,22399860
7/10/2018,57.85,57.98,57.48,57.64,15968240
7/9/2018,57.42,57.73,57.17,57.7,18179380
7/6/2018,56.18,57.05,56.04,57.01,19921580
7/5/2018,55.53,56.38,55.42,56.21,21333700
7/3/2018,56.79,56.79,55,55.14,13580680
7/2/2018,54.95,56.4,54.69,56.37,24346220
6/29/2018,56,56.41,55.75,55.78,26302420
6/28/2018,55.1,56.12,54.8,55.71,21448760
6/27/2018,56.07,56.59,55.18,55.2,25877840
6/26/2018,56.4,56.66,55.83,55.92,31264500
6/25/2018,57.18,57.2,55.64,56.24,43146200
6/22/2018,57.96,58.12,57.36,57.77,26219340
6/21/2018,58.74,58.86,57.61,57.88,24762360
6/20/2018,58.77,59.31,58.46,58.49,32970720
6/19/2018,57.93,58.56,57.7,58.4,32420360
6/18/2018,57.18,58.72,57.18,58.67,28273840
6/15/2018,57.44,57.67,57.17,57.61,42449520
6/14/2018,57.19,57.77,57.03,57.61,27017360
6/13/2018,57.06,57.33,56.67,56.74,30128140
6/12/2018,56.55,56.99,56.54,56.97,18240360
6/11/2018,55.93,56.86,55.93,56.5,21585880
6/8/2018,55.91,56.33,55.61,56.04,25816900
6/7/2018,56.57,56.79,55.83,56.19,30400400
6/6/2018,57.11,57.15,56.29,56.84,33964940
6/5/2018,57.05,57.29,56.66,56.98,33559460
6/4/2018,56.12,57.09,56.1,56.96,37791580
6/1/2018,54.97,56,54.93,55.98,48431960
5/31/2018,53.38,54.86,53.38,54.25,61766100
5/30/2018,53.15,53.46,52.84,53.39,22769140
5/29/2018,53.24,53.67,52.76,53.02,37302780
5/25/2018,53.95,54.13,53.69,53.78,17988120
5/24/2018,53.95,54.02,53.31,53.96,15335460
5/23/2018,53.26,54.04,53.09,53.98,21213660
5/22/2018,54.18,54.33,53.33,53.49,21800040
5/21/2018,53.7,54.4,53.68,53.98,20464220
5/18/2018,53.09,53.5,53.03,53.32,31304800
5/17/2018,53.99,54.34,53.68,53.93,20875320
5/16/2018,53.87,54.46,53.81,54.09,21946340
5/15/2018,54.5,54.5,53.67,53.96,29897440
5/14/2018,55,55.54,54.96,55.01,30361540
5/11/2018,54.68,55.07,54.55,54.91,25073300
5/10/2018,54.3,55.02,54.28,54.88,28860500
5/9/2018,52.91,54.27,52.82,54.14,40656360
5/8/2018,52.93,53.03,52.36,52.7,24354420
5/7/2018,52.46,53.08,52.36,52.74,29321300
5/4/2018,50.85,52.43,50.85,52.41,38773160
5/3/2018,50.95,51.48,50.31,51.19,36301160
5/2/2018,51.41,52.02,51.14,51.22,32061620
5/1/2018,50.68,51.92,50.41,51.87,28557140
4/30/2018,51.5,51.85,50.84,50.87,33425080
4/27/2018,52.3,52.48,51.28,51.5,32395920
4/26/2018,51.48,52.4,50.91,52,41590660
4/25/2018,51.28,51.62,50.77,51.06,47822100
4/24/2018,52.6,52.85,50.53,51,95205200
4/23/2018,53.89,54.14,53.04,53.37,46825160
4/20/2018,54.1,54.62,53.48,53.65,37793720
4/19/2018,53.47,54.71,53.41,54.39,34953420
4/18/2018,53.87,53.87,53.31,53.6,26882760
4/17/2018,52.57,53.89,52.41,53.71,46405320
4/16/2018,51.85,52.16,51.34,51.9,24224160
4/13/2018,52.04,52.32,51.15,51.46,24460340
4/12/2018,51.25,52.03,51.07,51.63,27187780
4/11/2018,51.4,51.57,50.79,51,29677620
4/10/2018,51.32,51.81,50.57,51.58,40592960
4/9/2018,50.84,51.98,50.7,50.77,35031180
4/6/2018,51,51.57,50.15,50.35,34928600
4/5/2018,52.07,52.14,51.01,51.39,27260980
4/4/2018,49.67,51.44,49.65,51.26,49693020
4/3/2018,50.7,51.05,49.7,50.67,45501520
4/2/2018,51.14,51.74,49.52,50.32,53608000
3/29/2018,50.58,52.15,50.15,51.59,54536600
3/28/2018,49.9,51.21,49.03,50.23,67385500
3/27/2018,53.15,53.24,49.85,50.26,61906300
3/26/2018,52.3,52.78,50.42,52.66,53302620
3/23/2018,52.35,53.17,51.06,51.08,43133440
3/22/2018,54.09,54.15,52.3,52.45,53339280
3/21/2018,54.64,55.32,54.26,54.54,37577460
3/20/2018,54.95,55.26,54.17,54.89,36637920
3/19/2018,56,56.1,54.45,54.99,56118740
3/16/2018,57.71,57.79,56.6,56.79,61839080
3/15/2018,57.5,58.05,56.73,57.48,29444520
3/14/2018,57.26,57.93,57.07,57.47,25828300
3/13/2018,58.5,58.84,56.67,56.91,38143420
3/12/2018,58.19,58.85,57.87,58.23,43445440
3/9/2018,56.8,58.04,56.62,58,42560760
3/8/2018,55.77,56.38,55.64,56.3,27102500
3/7/2018,54.46,55.61,54.27,55.48,25850740
3/6/2018,54.96,55.09,54.49,54.75,30655660
3/5/2018,53.76,54.86,53.45,54.55,24043480
3/2/2018,52.65,54.1,52.41,53.95,45431020
3/1/2018,55.39,55.51,53.35,53.48,50318200
2/28/2018,56.15,56.38,55.16,55.24,37652000
2/27/2018,57.06,57.2,55.9,55.91,35481600
2/26/2018,56.39,57.2,56.33,57.19,31181580
2/23/2018,55.63,56.36,55.24,56.34,25219360
2/22/2018,55.81,56.14,55.13,55.33,26343320
2/21/2018,55.32,56.7,55.32,55.57,30258200
2/20/2018,54.53,55.7,54.43,55.12,28462900
2/16/2018,54.42,55.23,54.42,54.74,33632240
2/15/2018,53.95,54.57,53.22,54.48,36868840
2/14/2018,52.45,53.59,52.34,53.49,31115740
2/13/2018,52.25,52.92,52.2,52.61,25301080
2/12/2018,52.4,53.08,52.05,52.6,41154360
2/9/2018,50.86,52.2,49.63,51.89,70117240
2/8/2018,52.77,52.93,50.03,50.08,57182720
2/7/2018,54.08,54.09,52.41,52.43,47384640
2/6/2018,51.36,54.09,51.16,54.03,68959120
2/5/2018,54.53,55.5,52.6,52.79,75966020
2/2/2018,56.1,56.15,55.36,55.6,97158860
2/1/2018,58.13,58.7,57.88,58.39,48242280
1/31/2018,58.53,58.65,57.96,58.5,30773760
1/30/2018,58.39,58.83,58.18,58.18,31126920
1/29/2018,58.82,59.34,58.6,58.78,27578260
1/26/2018,58.75,58.79,57.91,58.79,40375100
1/25/2018,58.63,58.8,58.14,58.52,29610800
1/24/2018,58.87,58.99,58.05,58.21,28332500
1/23/2018,57.99,58.58,57.94,58.5,26661120
1/22/2018,56.87,57.99,56.76,57.79,32359500
1/19/2018,56.59,56.89,56.42,56.88,35564580
1/18/2018,56.57,56.63,55.88,56.49,23964680
1/17/2018,56.31,56.63,55.85,56.6,24052780
1/16/2018,56.63,57,55.89,56.09,31505220
1/12/2018,55.12,56.21,55.06,56.11,34410660
1/11/2018,55.32,55.33,54.98,55.28,19565840
1/10/2018,54.86,55.23,54.81,55.13,20855860
1/9/2018,55.47,55.53,55.06,55.31,18050820
1/8/2018,55.11,55.56,55.08,55.35,20952060
1/5/2018,54.7,55.21,54.6,55.11,25582460
1/4/2018,54.4,54.68,54.2,54.32,20092100
1/3/2018,53.22,54.31,53.16,54.12,28603400
1/2/2018,52.42,53.35,52.26,53.25,24751280
12/29/2017,52.34,52.49,52.25,52.32,17750220
12/28/2017,52.58,52.74,52.24,52.41,16742420
12/27/2017,52.87,52.92,52.4,52.47,25438220
12/26/2017,52.9,53.01,52.51,52.84,15224740
12/22/2017,53.06,53.21,52.97,53.01,15101900
12/21/2017,53.25,53.47,53.09,53.18,19914060
12/20/2017,53.59,53.67,53.08,53.25,25371640
12/19/2017,53.76,53.84,53.18,53.53,26774500
12/18/2017,53.3,53.92,53.1,53.86,31091040
12/15/2017,52.73,53.38,52.48,53.21,65518620
12/14/2017,52.25,52.93,52.16,52.46,31176700
12/13/2017,52.31,52.33,51.92,52.03,25653540
12/12/2017,51.98,52.52,51.68,52.02,25593180
12/11/2017,51.78,52.19,51.6,52.06,23856760
12/8/2017,51.87,52.1,51.63,51.85,25815480
12/7/2017,51.02,51.71,50.9,51.55,29164840
12/6/2017,50.08,51.25,50.06,50.92,25439280
12/5/2017,49.8,51.03,49.41,50.26,41346360
12/4/2017,50.63,50.81,49.78,49.93,38128780
12/1/2017,50.79,51.12,50.1,50.51,38191320
11/30/2017,51.12,51.42,50.75,51.07,34480620
11/29/2017,52.13,52.2,50.78,51.08,49188520
11/28/2017,52.75,53.12,52,52.37,28487880
11/27/2017,52,52.77,51.92,52.71,26157620
11/24/2017,51.79,52.16,51.75,52.03,10739920
11/22/2017,51.75,51.99,51.57,51.8,14937560
11/21/2017,51.17,51.76,51.13,51.72,21939980
11/20/2017,51.01,51.13,50.88,50.92,19069400
11/17/2017,51.7,51.72,50.89,50.95,27941280
11/16/2017,51.13,51.8,51.13,51.63,22593760
11/15/2017,50.96,51.2,50.77,51.05,17079840
11/14/2017,51.13,51.34,50.71,51.3,19184440
11/13/2017,51.17,51.58,51.13,51.29,17715580
11/10/2017,51.32,51.54,51.26,51.4,14413520
11/9/2017,51.7,51.7,50.98,51.56,24904920
11/8/2017,51.53,52.18,51.42,51.99,21774320
11/7/2017,51.36,51.7,51.26,51.67,22246620
11/6/2017,51.45,51.74,51.25,51.3,22503700
11/3/2017,51.11,51.63,51.02,51.62,21527000
11/2/2017,51.09,51.4,50.65,51.28,20979400
11/1/2017,50.86,51.48,50.85,51.28,27468880
10/31/2017,50.76,51.2,50.52,50.83,26627820
10/30/2017,50.7,51.25,50.38,50.86,41701240
10/27/2017,50.46,52.42,50.41,50.96,103353780
10/26/2017,49,49.38,48.61,48.63,40842980
10/25/2017,48.42,48.8,48.03,48.67,24225240
10/24/2017,48.5,48.61,48.05,48.53,24243060
10/23/2017,49.48,49.48,48.31,48.42,29568960
10/20/2017,49.47,49.55,49.23,49.41,23663720
10/19/2017,49.3,49.44,48.92,49.22,26271500
10/18/2017,49.59,49.84,49.35,49.64,21151620
10/17/2017,49.51,49.82,49.43,49.61,25803720
10/16/2017,49.61,49.7,49.2,49.6,18210860
10/13/2017,49.6,49.86,49.45,49.48,23395540
10/12/2017,49.37,49.71,49.25,49.39,25255860
10/11/2017,48.69,49.54,48.61,49.46,33865480
10/10/2017,49,49.08,48.3,48.63,19367240
10/9/2017,49,49.27,48.81,48.85,17827100
10/6/2017,48.34,48.97,48.17,48.94,23477640
10/5/2017,47.77,48.55,47.76,48.5,24276320
10/4/2017,47.85,48.02,47.53,47.58,19047820
10/3/2017,47.7,47.9,47.46,47.89,17766920
10/2/2017,48,48.13,47.39,47.66,25668880
9/29/2017,47.6,47.99,47.58,47.96,31619880
9/28/2017,47.07,47.53,47.03,47.48,20406240
9/27/2017,46.39,47.5,46.39,47.22,44788820
9/26/2017,46.19,46.54,46.06,46.24,33337220
9/25/2017,46.27,46.32,45.49,46.05,37136440
9/22/2017,46.39,46.74,46.32,46.43,21054080
9/21/2017,46.65,46.83,46.19,46.62,25812140
9/20/2017,46.15,46.69,46.1,46.58,33395260
9/19/2017,45.87,46.12,45.63,46.09,18733080
9/18/2017,46,46.1,45.53,45.75,26138440
9/15/2017,46.23,46.32,45.82,46.01,50108600
9/14/2017,46.56,46.64,46.2,46.26,27952880
9/13/2017,46.53,46.86,46.49,46.75,22052620
9/12/2017,46.63,46.67,46.19,46.6,22687940
9/11/2017,46.71,46.92,46.35,46.45,25339820
9/8/2017,46.82,46.85,46.24,46.33,20230760
9/7/2017,46.59,46.82,46.18,46.8,24254860
9/6/2017,46.51,46.55,45.96,46.39,30553000
9/5/2017,46.65,46.85,46.1,46.42,26965840
9/1/2017,47.06,47.12,46.76,46.87,18947480
8/31/2017,46.59,47.1,46.59,46.97,31651580
8/30/2017,46,46.54,45.98,46.48,26024500
8/29/2017,45.26,46.17,45.25,46.06,23711280
8/28/2017,45.8,45.96,45.59,45.69,21729680
8/25/2017,46.17,46.28,45.78,45.79,21067520
8/24/2017,46.43,46.54,45.78,46.06,25406120
8/23/2017,46.1,46.5,45.97,46.35,21804960
8/22/2017,45.64,46.29,45.57,46.23,23334740
8/21/2017,45.5,45.65,45.17,45.33,18868820
8/18/2017,45.52,45.76,45.36,45.53,26853780
8/17/2017,46.29,46.34,45.55,45.55,25544760
8/16/2017,46.26,46.64,46.17,46.35,20134220
8/15/2017,46.21,46.33,45.99,46.11,17667380
8/14/2017,46.13,46.23,45.91,46.13,21290600
8/11/2017,45.4,45.89,45.28,45.72,24135640
8/10/2017,45.88,45.96,45.31,45.36,36479340
8/9/2017,46.03,46.3,45.86,46.15,23841620
8/8/2017,46.35,46.79,46.28,46.34,21231580
8/7/2017,46.45,46.59,46.33,46.47,20644780
8/4/2017,46.34,46.52,46.15,46.4,21645340
8/3/2017,46.52,46.61,46.11,46.18,24050240
8/2/2017,46.43,46.63,45.83,46.52,36488960
8/1/2017,46.62,46.87,46.46,46.54,25554680
7/31/2017,47.09,47.18,46.3,46.53,39401900
7/28/2017,46.47,47.19,46.38,47.08,36927020
7/27/2017,47.59,47.59,46,46.7,64259920
7/26/2017,47.73,47.75,47.11,47.39,41765120
7/25/2017,47.69,47.99,47.27,47.54,93219580
7/24/2017,48.61,49.31,48.54,49.02,64966940
7/21/2017,48.11,48.66,48.01,48.65,34220000
7/20/2017,48.75,48.8,48.08,48.41,32489260
7/19/2017,48.39,48.65,48.2,48.54,24490800
7/18/2017,47.65,48.4,47.53,48.27,23079280
7/17/2017,47.85,48.04,47.46,47.67,23310740
7/14/2017,47.6,47.85,47.4,47.8,21075480
7/13/2017,47.31,47.72,47.15,47.36,25893740
7/12/2017,46.93,47.32,46.72,47.19,30642880
7/11/2017,46.48,46.57,46.1,46.5,22264700
7/10/2017,46.09,46.52,45.98,46.44,23856500
7/7/2017,45.44,46.08,45.44,45.93,32755700
7/6/2017,45.21,45.75,44.99,45.33,28490060
7/5/2017,45.09,45.73,44.93,45.59,36277680
7/3/2017,45.61,45.7,44.74,44.94,34207460
6/30/2017,46.3,46.3,45.42,45.44,41804520
6/29/2017,46.5,46.56,45.53,45.89,65983520
6/28/2017,46.45,47.14,45.8,47.02,54428120
6/27/2017,47.12,47.41,46.34,46.37,51598600
6/26/2017,48.5,48.67,47.54,47.61,31967100
6/23/2017,47.84,48.3,47.71,48.28,30557120
6/22/2017,47.94,48.04,47.73,47.85,18839160
6/21/2017,47.68,48.01,47.54,47.97,24044660
6/20/2017,47.88,48.08,47.5,47.53,22519800
6/19/2017,47.5,48,47.45,47.87,30666720
6/16/2017,47,47.1,46.58,46.99,61894220
6/15/2017,46.7,47.17,46.22,47.12,42661000
6/14/2017,48,48.06,47.11,47.54,29794300
6/13/2017,47.6,48,47.2,47.67,40266740
6/12/2017,46.98,47.47,45.76,47.15,75270580
6/9/2017,49.23,49.23,46.78,47.49,66187780
6/8/2017,49.12,49.23,48.86,49.17,29638320
6/7/2017,48.98,49.21,48.79,49.05,29077480
6/6/2017,49.16,49.41,48.76,48.83,36292480
6/5/2017,48.83,49.35,48.76,49.18,25042120
6/2/2017,48.47,48.79,48.3,48.78,35019100
6/1/2017,48.45,48.58,48,48.35,28209160
5/31/2017,48.75,48.96,48.01,48.24,48961340
5/30/2017,48.52,48.81,48.47,48.79,29333080
5/26/2017,48.49,48.75,48.25,48.57,25040200
5/25/2017,47.87,48.63,47.77,48.48,33209480
5/24/2017,47.65,47.75,47.48,47.75,20683980
5/23/2017,47.4,47.57,47.13,47.44,25416340
5/22/2017,46.75,47.09,46.75,47.09,22407700
5/19/2017,46.57,46.89,46.55,46.7,27860480
5/18/2017,46.05,46.66,45.94,46.51,31937940
5/17/2017,46.78,46.97,45.91,45.98,47241440
5/16/2017,47,47.16,46.88,47.15,19389580
5/15/2017,46.65,46.91,46.47,46.85,22169920
5/12/2017,46.58,46.67,46.39,46.61,21012020
5/11/2017,46.27,46.63,46.15,46.53,16707720
5/10/2017,46.6,46.6,46.26,46.44,23478500
5/9/2017,46.85,46.88,46.48,46.61,31636180
5/8/2017,46.31,46.85,46.26,46.72,26596500
5/5/2017,46.68,46.75,46.26,46.36,38225500
5/4/2017,46.3,46.8,46.23,46.58,28442880
5/3/2017,45.74,46.41,45.63,46.35,29990640
5/2/2017,45.48,46.04,45.47,45.82,31744380
5/1/2017,45.1,45.78,45.07,45.63,42319860
4/28/2017,45.53,45.84,45.29,45.3,65525100
4/27/2017,43.68,43.77,43.52,43.71,40536320
4/26/2017,43.71,43.8,43.39,43.59,24743340
4/25/2017,43.25,43.75,43.14,43.62,33439440
4/24/2017,42.56,43.17,42.49,43.14,27450820
4/21/2017,42.14,42.19,42.03,42.16,26471660
4/20/2017,42.07,42.26,41.97,42.08,19180620
4/19/2017,41.99,42.11,41.81,41.91,19086600
4/18/2017,41.71,41.95,41.64,41.84,16734440
4/17/2017,41.25,41.89,41.22,41.86,17900300
4/13/2017,41.11,41.32,41.07,41.18,22447240
4/12/2017,41.1,41.33,41.05,41.22,18009600
4/11/2017,41.24,41.37,40.85,41.17,21594640
4/10/2017,41.27,41.47,41.19,41.24,19578100
4/7/2017,41.4,41.42,41.03,41.23,21145060
4/6/2017,41.62,41.82,41.32,41.39,25088660
4/5/2017,41.78,42.12,41.54,41.57,31106560
4/4/2017,41.57,41.76,41.45,41.73,20907260
4/3/2017,41.46,42.04,41.46,41.93,33430060
3/31/2017,41.45,41.58,41.37,41.48,28037860
3/30/2017,41.68,41.68,41.45,41.58,21106780
3/29/2017,41.25,41.64,41.12,41.57,35726420
3/28/2017,41.02,41.3,40.7,41.05,32410840
3/27/2017,40.35,41.08,40.17,40.98,37899800
3/24/2017,41,41.1,40.44,40.72,39620120
3/23/2017,41.05,41.13,40.61,40.88,69741120
3/22/2017,41.6,41.78,41.36,41.48,28029300
3/21/2017,42.57,42.68,41.45,41.52,49269680
3/20/2017,42.5,42.51,42.26,42.42,24630420
3/17/2017,42.58,42.67,42.36,42.61,34329420
3/16/2017,42.45,42.54,42.31,42.44,19551200
3/15/2017,42.38,42.43,42.04,42.36,27629480
3/14/2017,42.18,42.36,42.04,42.28,15603960
3/13/2017,42.2,42.43,42.16,42.28,24472940
3/10/2017,42.16,42.25,41.98,42.16,34080480
3/9/2017,41.8,42.1,41.71,41.93,25230340
3/8/2017,41.68,41.91,41.59,41.77,19795460
3/7/2017,41.37,41.67,41.33,41.6,20752600
3/6/2017,41.35,41.44,41.12,41.39,22180740
3/3/2017,41.53,41.57,41.29,41.45,17927560
3/2/2017,41.69,41.73,41.48,41.53,18849520
3/1/2017,41.44,41.81,41.36,41.76,29930800
2/28/2017,41.28,41.43,41.01,41.16,45215380
2/27/2017,41.23,41.53,41.2,41.46,22029320
2/24/2017,41.39,41.45,41.21,41.43,27844040
2/23/2017,41.51,41.62,41.14,41.57,29455420
2/22/2017,41.43,41.66,41.43,41.54,19744960
2/21/2017,41.43,41.67,41.42,41.58,25246740
2/17/2017,41.15,41.4,41.08,41.4,32220780
2/16/2017,41,41.22,40.95,41.21,25752520
2/15/2017,40.97,41.15,40.92,40.95,26272340
2/14/2017,40.95,41.15,40.8,41.02,21094640
2/13/2017,40.8,41.05,40.77,40.96,24266480
2/10/2017,40.59,40.76,40.49,40.68,22699520
2/9/2017,40.48,40.53,40.23,40.48,19807820
2/8/2017,40.35,40.59,40.16,40.42,23119800
2/7/2017,40.2,40.53,40.09,40.35,24824420
2/6/2017,39.99,40.08,39.76,40.07,23689660
2/3/2017,40.15,40.3,40.02,40.07,29268960
2/2/2017,39.69,40.14,39.6,39.93,30642760
2/1/2017,39.98,40.06,39.56,39.78,40594880
1/31/2017,39.84,40.06,39.53,39.84,43211120
1/30/2017,40.73,40.79,39.99,40.12,64931460
1/27/2017,41.74,42.1,41.02,41.17,59315420
1/26/2017,41.89,41.9,41.35,41.61,59477820
1/25/2017,41.48,41.79,41.25,41.78,32546080
1/24/2017,41.12,41.3,40.89,41.19,29480200
1/23/2017,40.36,41.04,40.19,40.97,39272560
1/20/2017,40.35,40.35,40.08,40.25,33400900
1/19/2017,40.26,40.47,40.09,40.11,18386500
1/18/2017,40.29,40.31,40.05,40.3,25888140
1/17/2017,40.35,40.36,40.02,40.23,27242300
1/13/2017,40.37,40.56,40.33,40.39,21984300
1/12/2017,40.36,40.37,39.96,40.32,27061140
1/11/2017,40.25,40.41,40.07,40.4,21318720
1/10/2017,40.39,40.46,40.18,40.24,23535600
1/9/2017,40.32,40.5,40.14,40.33,25492900
1/6/2017,39.76,40.4,39.61,40.31,32803400
1/5/2017,39.3,39.72,39.25,39.7,26703340
1/4/2017,39.42,39.57,39.16,39.35,21459160
1/3/2017,38.94,39.48,38.79,39.31,33145360
12/30/2016,39.14,39.14,38.52,38.59,35399000
12/29/2016,39.17,39.3,38.95,39.14,14885440
12/28/2016,39.69,39.71,39.16,39.25,23076480
12/27/2016,39.53,39.89,39.38,39.58,15786420
12/23/2016,39.55,39.64,39.36,39.5,12478880
12/22/2016,39.62,39.67,39.43,39.56,19443380
12/21/2016,39.79,39.83,39.36,39.73,24226920
12/20/2016,39.84,39.93,39.66,39.82,19020280
12/19/2016,39.51,39.88,39.31,39.71,24641740
12/16/2016,40.02,40.04,39.51,39.54,48875920
12/15/2016,39.87,40.15,39.65,39.89,32529980
12/14/2016,39.87,40.2,39.7,39.85,34083000
12/13/2016,39.7,40.22,39.67,39.81,42904180
12/12/2016,39.25,39.56,39.22,39.46,42082340
12/9/2016,39,39.47,38.95,39.46,36438280
12/8/2016,38.62,38.91,38.36,38.82,29761180
12/7/2016,38.05,38.57,37.79,38.56,35219320
12/6/2016,38.24,38.44,37.87,37.96,33813780
12/5/2016,37.89,38.2,37.65,38.13,27884460
12/2/2016,37.23,37.7,37.16,37.53,29049680
12/1/2016,37.87,37.99,36.85,37.4,60358940
11/30/2016,38.5,38.65,37.74,37.9,47857800
11/29/2016,38.58,38.93,38.41,38.54,32332360
11/28/2016,38,38.98,37.99,38.41,43763020
11/25/2016,38.21,38.25,38.03,38.08,11748420
11/23/2016,38.39,38.41,37.76,38.05,29568340
11/22/2016,38.63,38.85,38.35,38.41,31862160
11/21/2016,38.13,38.49,38.03,38.46,26612780
11/18/2016,38.57,38.75,38,38.03,30942900
11/17/2016,38.35,38.64,38.21,38.56,26080960
11/16/2016,37.76,38.32,37.53,38.22,29451880
11/15/2016,37.35,38.22,37.35,37.92,47680020
11/14/2016,37.78,37.89,36.38,36.8,73087700
11/11/2016,37.83,38.04,37.52,37.7,48636300
11/10/2016,39.56,39.56,37.61,38.13,94903660
11/9/2016,39,39.56,38.58,39.27,52142420
11/8/2016,39.17,39.78,39.01,39.53,27337460
11/7/2016,38.73,39.26,38.63,39.13,31701400
11/4/2016,37.53,38.52,37.53,38.1,42696240
11/3/2016,38.36,38.5,37.95,38.11,38863500
11/2/2016,38.91,39.08,38.17,38.44,38368280
11/1/2016,39.14,39.47,38.78,39.18,48127120
10/31/2016,39.77,39.84,39.2,39.23,48545680
10/28/2016,40.42,40.77,39.68,39.77,85398040
10/27/2016,40.05,40.17,39.58,39.77,54984420
10/26/2016,40.32,40.35,39.82,39.95,32954660
10/25/2016,40.83,40.83,40.26,40.38,31528080
10/24/2016,40.25,40.76,40.24,40.66,33950280
10/21/2016,39.75,39.98,39.7,39.97,25323620
10/20/2016,40.17,40.2,39.8,39.85,35150560
10/19/2016,39.94,40.23,39.88,40.08,35335960
10/18/2016,39.39,40.08,39.28,39.76,41138060
10/17/2016,38.99,39.29,38.88,39,21859460
10/14/2016,39.08,39.2,38.8,38.93,17049740
10/13/2016,39.06,39.06,38.65,38.91,27305540
10/12/2016,39.19,39.41,39.1,39.31,18748700
10/11/2016,39.33,39.61,39.03,39.15,27449220
10/10/2016,38.89,39.47,38.79,39.3,23498460
10/7/2016,38.98,38.98,38.54,38.75,18663160
10/6/2016,38.95,39.02,38.78,38.84,21413840
10/5/2016,38.97,39.1,38.78,38.82,29223020
10/4/2016,38.8,38.94,38.64,38.82,24027000
10/3/2016,38.71,38.8,38.48,38.63,25576420
9/30/2016,38.82,39.05,38.7,38.86,31706660
9/29/2016,39.07,39.29,38.71,38.75,26294920
9/28/2016,38.89,39.09,38.75,39.08,22196680
9/27/2016,38.78,39.3,38.72,39.15,23064940
9/26/2016,39.14,39.14,38.65,38.71,30664120
9/23/2016,39.33,39.45,39.21,39.35,28238740
9/22/2016,39,39.49,38.92,39.36,29724460
9/21/2016,38.63,38.86,38.42,38.81,23356200
9/20/2016,38.45,38.67,38.43,38.57,19572620
9/19/2016,38.62,38.7,38.22,38.29,23456480
9/16/2016,38.49,38.49,38.23,38.44,40986760
9/15/2016,38.14,38.69,38,38.59,26935020
9/14/2016,37.98,38.38,37.96,38.12,21889800
9/13/2016,38.22,38.31,37.79,37.98,27900920
9/12/2016,37.76,38.51,37.7,38.45,26219720
9/9/2016,38.51,38.66,37.98,37.98,37709920
9/8/2016,38.93,39.02,38.68,38.77,25405280
9/7/2016,39,39.14,38.81,39.02,17880420
9/6/2016,38.67,39.1,38.55,39,28856440
9/2/2016,38.65,38.7,38.42,38.57,21453160
9/1/2016,38.46,38.55,38.22,38.44,18502620
8/31/2016,38.35,38.45,38.27,38.35,24971120
8/30/2016,38.47,38.72,38.34,38.45,22600580
8/29/2016,38.44,38.75,38.33,38.61,16951300
8/26/2016,38.45,38.8,38.29,38.48,23333620
8/25/2016,38.35,38.59,38.16,38.47,18537660
8/24/2016,38.53,38.73,38.35,38.48,21439980
8/23/2016,38.77,38.82,38.59,38.6,18564640
8/22/2016,38.66,38.73,38.5,38.61,19027240
8/19/2016,38.75,38.86,38.66,38.77,17230920
8/18/2016,39,39.14,38.85,38.88,14388580
8/17/2016,38.87,39.04,38.68,39,18484520
8/16/2016,39.02,39.05,38.67,38.86,20560940
8/15/2016,39.19,39.37,39.01,39.12,18763720
8/12/2016,39.08,39.17,39.02,39.16,14809960
8/11/2016,39.25,39.49,39.15,39.24,19502260
8/10/2016,39.19,39.34,39.14,39.23,15727260
8/9/2016,39.06,39.45,39.03,39.21,26377880
8/8/2016,39.1,39.13,38.9,39.09,22157140
8/5/2016,38.69,39.15,38.62,39.11,36024100
8/4/2016,38.61,38.7,38.44,38.58,22805080
8/3/2016,38.36,38.66,38.34,38.66,25748420
8/2/2016,38.43,38.79,38.39,38.55,35690500
8/1/2016,38.05,39.02,38.05,38.64,54009400
7/29/2016,38.64,38.93,38.34,38.44,76829640
7/28/2016,37.35,37.43,36.97,37.3,70603380
7/27/2016,36.91,37.22,36.85,37.09,30250340
7/26/2016,36.95,37.08,36.71,36.92,23734760
7/25/2016,37.03,37.13,36.88,36.99,20648640
7/22/2016,37.09,37.16,36.83,37.14,25196460
7/21/2016,37.02,37.08,36.79,36.93,20526120
7/20/2016,36.87,37.11,36.86,37.06,25793420
7/19/2016,36.49,36.85,36.45,36.85,24549720
7/18/2016,36.14,36.81,36.06,36.69,25909520
7/15/2016,36.29,36.29,35.95,35.99,25586780
7/14/2016,36.08,36.11,35.9,36.05,19003860
7/13/2016,36.18,36.2,35.84,35.85,18717520
7/12/2016,35.96,36.15,35.8,36.03,26738420
7/11/2016,35.4,35.83,35.36,35.75,22235240
7/8/2016,34.98,35.29,34.82,35.28,31503320
7/7/2016,34.9,34.91,34.41,34.77,26084000
7/6/2016,34.5,35.08,34.45,34.89,28238500
7/5/2016,34.8,34.85,34.44,34.72,29252320
7/1/2016,34.61,35.03,34.61,34.96,26894200
6/30/2016,34.27,34.62,34.18,34.61,31954280
6/29/2016,34.15,34.37,34.07,34.21,38651220
6/28/2016,33.95,34.02,33.65,34,43475240
6/27/2016,33.55,33.62,33.16,33.41,52821700
6/24/2016,33.76,34.47,33.67,33.76,88980440
6/23/2016,34.87,35.1,34.35,35.09,43428300
6/22/2016,34.95,35.04,34.65,34.87,23686360
6/21/2016,34.92,35.14,34.6,34.8,29312680
6/20/2016,34.94,35.12,34.67,34.69,41650760
6/17/2016,35.43,35.44,34.42,34.59,68047140
6/16/2016,35.75,35.83,35.16,35.52,39649420
6/15/2016,35.95,36.15,35.87,35.95,24290340
6/14/2016,35.82,36.12,35.66,35.91,26121300
6/13/2016,35.83,36.27,35.83,35.92,25178600
6/10/2016,35.97,36.29,35.82,35.97,24328860
6/9/2016,36.14,36.48,36.12,36.43,19778280
6/8/2016,36.2,36.43,36.03,36.41,31674020
6/7/2016,35.99,36.1,35.83,35.83,26735080
6/6/2016,36.25,36.25,35.73,35.83,31321180
6/3/2016,36.46,36.47,36.03,36.12,24525060
6/2/2016,36.63,36.65,36.21,36.52,26836140
6/1/2016,36.73,36.86,36.53,36.71,25071860
5/31/2016,36.59,36.99,36.56,36.79,42590900
5/27/2016,36.2,36.7,36.2,36.63,39499240
5/26/2016,36.14,36.42,36.01,36.21,31525720
5/25/2016,36.04,36.38,35.99,36.26,32651280
5/24/2016,35.34,36.05,35.34,36,38589340
5/23/2016,35.33,35.57,35.21,35.21,26613840
5/20/2016,35.08,35.73,35.03,35.49,36567740
5/19/2016,35.12,35.3,34.84,35.02,33404680
5/18/2016,35.18,35.58,35.03,35.33,35336720
5/17/2016,35.8,36.08,35.21,35.31,40024500
5/16/2016,35.46,35.92,35.28,35.82,26341380
5/13/2016,35.6,35.83,35.46,35.54,26289980
5/12/2016,35.85,35.96,35.45,35.67,27226640
5/11/2016,36.17,36.22,35.64,35.76,33841260
5/10/2016,35.84,36.18,35.79,36.16,31391820
5/9/2016,35.6,35.94,35.5,35.65,30205780
5/6/2016,34.92,35.59,34.91,35.56,36585820
5/5/2016,34.89,35.12,34.79,35.07,33670140
5/4/2016,34.52,34.99,34.45,34.79,33870500
5/3/2016,34.84,34.89,34.6,34.62,30875700
5/2/2016,34.88,35.03,34.55,34.91,32905300
4/29/2016,34.54,34.88,34.45,34.65,49753460
4/28/2016,35.41,35.71,34.48,34.55,57345100
4/27/2016,35.36,35.45,34.62,35.29,61971740
4/26/2016,36.27,36.29,35.15,35.41,54891740
4/25/2016,35.81,36.2,35.78,36.16,39183580
4/22/2016,36.32,36.81,35.68,35.94,119038760
4/21/2016,37.77,38.02,37.48,37.96,61209800
4/20/2016,37.9,37.91,37.5,37.63,30584340
4/19/2016,38.48,38.5,37.47,37.7,40610520
4/18/2016,38.02,38.4,37.87,38.33,31176960
4/15/2016,37.7,38.05,37.63,37.95,36186640
4/14/2016,37.7,37.87,37.64,37.66,22705420
4/13/2016,37.46,37.72,37.21,37.59,34152820
4/12/2016,36.9,37.19,36.55,37.15,27059840
4/11/2016,37.15,37.25,36.8,36.81,24401760
4/8/2016,37.2,37.27,36.78,36.96,25815740
4/7/2016,37.27,37.35,36.81,37.01,29063700
4/6/2016,36.79,37.31,36.78,37.28,21074260
4/5/2016,36.9,37.14,36.77,36.89,22645880
4/4/2016,37.5,37.64,37.12,37.26,22687800
4/1/2016,36.93,37.52,36.85,37.5,31534900
3/31/2016,37.46,37.54,37.05,37.25,34375960
3/30/2016,37.51,37.89,37.44,37.53,35648540
3/29/2016,36.73,37.36,36.44,37.24,38075160
3/28/2016,36.84,36.95,36.63,36.68,26026540
3/24/2016,36.6,36.89,36.55,36.77,31897820
3/23/2016,37.12,37.29,36.81,36.9,28641980
3/22/2016,36.87,37.25,36.87,37.04,25394980
3/21/2016,36.83,37.13,36.68,37.1,36730060
3/18/2016,37.09,37.1,36.59,36.88,59614180
3/17/2016,36.82,37.15,36.8,36.89,37216680
3/16/2016,36.32,36.87,36.23,36.8,32487400
3/15/2016,36.35,36.61,36.24,36.42,34419300
3/14/2016,36.34,36.78,36.26,36.52,34365040
3/11/2016,36,36.35,35.86,36.34,39416300
3/10/2016,35.41,35.82,35.17,35.64,56670500
3/9/2016,34.92,35.28,34.7,35.26,28430300
3/8/2016,34.43,35.19,34.27,34.7,41526620
3/7/2016,35.35,35.4,34.35,34.76,59760520
3/4/2016,35.75,35.82,35.3,35.54,39441540
3/3/2016,35.93,35.97,35.3,35.62,39159480
3/2/2016,35.95,36,35.6,35.94,32580060
3/1/2016,35.18,35.94,34.99,35.94,43028380
2/29/2016,35.02,35.54,34.88,34.89,49622900
2/26/2016,35.43,35.67,35.04,35.25,44870440
2/25/2016,35,35.3,34.53,35.29,32843320
2/24/2016,34.45,35,34.04,34.98,39271460
2/23/2016,35.07,35.42,34.68,34.79,40185600
2/22/2016,35.37,35.66,35.13,35.32,38996320
2/19/2016,34.75,35.15,34.7,35.05,31785620
2/18/2016,35.5,35.62,34.8,34.87,37664960
2/17/2016,34.95,35.49,34.57,35.42,49852680
2/16/2016,34.65,34.9,34.25,34.55,50400420
2/12/2016,34.51,34.69,33.93,34.12,42827460
2/11/2016,33.75,34.47,33.44,34.16,60480860
2/10/2016,34.34,35.07,34.11,34.21,52760140
2/9/2016,33.62,35,33.44,33.91,72178280
2/8/2016,33.39,34.2,33.15,34.14,84947100
2/5/2016,35.19,35.2,34.01,34.18,102114500
2/4/2016,36.14,36.35,35.09,35.4,103374180
2/3/2016,38.51,38.73,36.03,36.35,123420380
2/2/2016,39.23,39.49,38.23,38.23,126962520
2/1/2016,37.52,37.89,37.16,37.6,102783140
1/29/2016,36.58,37.25,36.34,37.15,69486380
1/28/2016,36.11,36.68,35.62,36.55,53527940
1/27/2016,35.68,35.91,34.72,35,43884540
1/26/2016,35.69,35.91,35.32,35.65,26633820
1/25/2016,36.18,36.48,35.5,35.58,34234320
1/22/2016,36.18,36.41,36.01,36.26,40235940
1/21/2016,35.11,35.96,34.72,35.33,48244220
1/20/2016,34.43,35.34,33.66,34.92,68899240
1/19/2016,35.17,35.5,34.67,35.09,45361560
1/15/2016,34.61,35.34,34.27,34.72,72162180
1/14/2016,35.27,36.1,34.46,35.74,44515360
1/13/2016,36.54,36.74,34.93,35.03,50034600
1/12/2016,36.08,36.44,35.87,36.3,40490180
1/11/2016,35.83,35.94,35.18,35.8,41812420
1/8/2016,36.57,36.66,35.65,35.72,49017140
1/7/2016,36.52,36.93,35.95,36.32,59274820
1/6/2016,36.5,37.36,36.45,37.18,38940680
1/5/2016,37.32,37.6,36.93,37.13,39013820
1/4/2016,37.15,37.2,36.56,37.09,65455520
12/31/2015,38.48,38.48,37.92,37.94,30018460
12/30/2015,38.83,38.88,38.35,38.55,25870420
12/29/2015,38.33,39,38.32,38.83,35300240
12/28/2015,37.65,38.15,37.48,38.13,30314320
12/24/2015,37.48,37.57,37.33,37.42,10544460
12/23/2015,37.67,37.71,37.2,37.52,31334520
12/22/2015,37.58,37.74,37.28,37.5,27310400
12/21/2015,37.31,37.5,37,37.39,30514060
12/18/2015,37.33,37.71,36.91,36.97,62974860
12/17/2015,38.12,38.13,37.45,37.47,31068360
12/16/2015,37.5,38.03,36.97,37.9,39865020
12/15/2015,37.65,37.9,37.15,37.17,53324580
12/14/2015,37.09,37.44,36.21,37.39,48424720
12/11/2015,37.06,37.29,36.84,36.94,44488200
12/10/2015,37.64,37.79,37.19,37.47,39767600
12/9/2015,37.96,38.21,36.85,37.58,53999800
12/8/2015,37.89,38.24,37.71,38.12,36589500
12/7/2015,38.39,38.44,37.75,38.16,36246280
12/4/2015,37.66,38.42,37.5,38.34,55145660
12/3/2015,38.3,38.45,37.28,37.63,51812820
12/2/2015,38.45,38.8,37.95,38.12,44607460
12/1/2015,37.36,38.45,37.34,38.35,42692420
11/30/2015,37.44,37.75,37.06,37.13,41952480
11/27/2015,37.42,37.67,37.37,37.51,16770560
11/25/2015,37.41,37.6,37.3,37.41,22444480
11/24/2015,37.6,37.76,36.88,37.41,46683940
11/23/2015,37.87,38.14,37.59,37.8,28307700
11/20/2015,37.33,37.9,37.15,37.83,44265680
11/19/2015,36.94,37.1,36.87,36.92,26557580
11/18/2015,36.38,37.07,36.35,37,33685180
11/17/2015,36.46,36.59,36.15,36.27,30218060
11/16/2015,35.78,36.47,35.57,36.45,38117860
11/13/2015,36.46,36.56,35.84,35.85,41510080
11/12/2015,36.55,36.89,36.43,36.56,36743080
11/11/2015,36.62,37.05,36.51,36.77,27339900
11/10/2015,36.22,36.53,35.93,36.42,32159880
11/9/2015,36.51,36.74,35.97,36.24,41396140
11/6/2015,36.58,36.77,36.35,36.69,30231980
11/5/2015,36.47,36.97,36.47,36.56,37231000
11/4/2015,36.1,36.66,36.1,36.41,34134000
11/3/2015,35.94,36.23,35.74,36.11,31307580
11/2/2015,35.55,36.08,35.29,36.06,37725000
10/30/2015,35.79,35.9,35.5,35.54,38175480
10/29/2015,35.53,35.91,35.5,35.85,29119300
10/28/2015,35.37,35.65,35.15,35.65,43578340
10/27/2015,35.37,35.68,35.23,35.42,44915920
10/26/2015,35.08,35.96,35.06,35.64,54332300
10/23/2015,36.38,36.5,35.08,35.1,133078460
10/22/2015,32.34,32.89,32.2,32.59,81419080
10/21/2015,32.71,32.79,32.09,32.13,35883440
10/20/2015,33.2,33.24,32.21,32.51,49964300
10/19/2015,33.06,33.34,32.98,33.31,29546800
10/16/2015,33.21,33.25,32.86,33.11,32222560
10/15/2015,32.73,33.16,32.72,33.09,37714740
10/14/2015,32.66,32.97,32.44,32.56,28309360
10/13/2015,32.16,32.89,32.16,32.62,36153700
10/12/2015,32.1,32.43,31.95,32.33,25522680
10/9/2015,32,32.3,31.77,32.18,32974720
10/8/2015,32.07,32.22,31.28,31.96,43641620
10/7/2015,32.46,32.53,31.61,32.12,41854280
10/6/2015,31.94,32.46,31.83,32.27,44736940
10/5/2015,31.6,32.15,31.35,32.07,36072860
10/2/2015,30.36,31.37,30.16,31.35,53696100
10/1/2015,30.42,30.6,29.99,30.56,37352020
9/30/2015,30.16,30.44,30.04,30.42,48268820
9/29/2015,29.86,30.25,29.51,29.75,46205680
9/28/2015,30.52,30.73,29.47,29.74,62553340
9/25/2015,31.49,31.49,30.55,30.6,43480180
9/24/2015,30.83,31.37,30.62,31.29,44801960
9/23/2015,31.1,31.45,31,31.12,29418980
9/22/2015,31.35,31.38,30.77,31.13,51257380
9/21/2015,31.72,31.82,31.3,31.77,35770120
9/18/2015,31.84,32,31.35,31.46,102667720
9/17/2015,31.89,32.55,31.75,32.15,45493800
9/16/2015,31.77,31.9,31.62,31.8,25729080
9/15/2015,31.34,31.94,31.19,31.76,41687940
9/14/2015,31.29,31.29,30.97,31.16,34045420
9/11/2015,30.99,31.29,30.87,31.29,27470900
9/10/2015,30.66,31.21,30.57,31.07,38105520
9/9/2015,31.06,31.33,30.48,30.64,34041880
9/8/2015,30.62,30.82,30.21,30.73,45590760
9/4/2015,30,30.17,29.76,30.04,41789060
9/3/2015,30.85,30.99,30.14,30.31,35191440
9/2/2015,30.28,30.72,29.99,30.72,51512400
9/1/2015,30.12,30.64,29.71,29.89,74042100
8/31/2015,31.38,31.79,30.88,30.91,43534740
8/28/2015,31.64,31.84,31.23,31.52,39574660
8/27/2015,31.97,32.18,31.1,31.88,69826720
8/26/2015,30.52,31.59,29.95,31.43,84717820
8/25/2015,30.75,30.87,29.06,29.1,70759320
8/24/2015,28.65,30.7,28.25,29.48,115406040
8/21/2015,31.99,32,30.62,30.62,85303660
8/20/2015,32.77,33.15,32.15,32.34,57105980
8/19/2015,32.83,33.35,32.71,33.05,42681960
8/18/2015,33.1,33.2,32.67,32.81,29121180
8/17/2015,32.84,33.07,32.56,33.04,21033980
8/14/2015,32.75,32.99,32.63,32.86,21441220
8/13/2015,32.97,33.23,32.58,32.82,36214980
8/12/2015,33.15,33.25,32.61,32.98,58816060
8/11/2015,33.46,33.75,32.71,33.04,100584060
8/10/2015,31.97,32.17,31.56,31.69,36184100
8/7/2015,32.01,32.13,31.49,31.77,28077300
8/6/2015,32.25,32.27,31.61,32.13,31452000
8/5/2015,31.72,32.39,31.66,32.19,46685320
8/4/2015,31.42,31.74,31.36,31.46,29817620
8/3/2015,31.27,31.65,31.27,31.56,26090220
7/31/2015,31.57,31.65,31.28,31.28,34122980
7/30/2015,31.5,31.76,31.1,31.63,29484060
7/29/2015,31.44,31.67,31.13,31.6,31501380
7/28/2015,31.64,31.64,31.17,31.4,34546540
7/27/2015,31.05,31.72,31.03,31.36,53507620
7/24/2015,32.35,32.41,31.13,31.18,72514940
7/23/2015,33.06,33.18,32.05,32.21,60582180
7/22/2015,33.04,33.93,32.95,33.11,78586180
7/21/2015,32.76,33.65,32.72,33.12,67543920
7/20/2015,32.96,33.44,32.65,33.15,117217440
7/17/2015,32.45,33.72,32.25,33.65,223298800
7/16/2015,28.26,29.03,28.25,28.99,95366360
7/15/2015,28.01,28.33,27.84,28.01,35691080
7/14/2015,27.34,28.29,27.34,28.06,64881320
7/13/2015,26.64,27.36,26.62,27.33,44129500
7/10/2015,26.31,26.63,26.28,26.51,39133640
7/9/2015,26.16,26.19,26.02,26.03,36846940
7/8/2015,26.05,26.14,25.81,25.84,25933980
7/7/2015,26.16,26.31,25.76,26.25,31944580
7/6/2015,25.98,26.26,25.95,26.14,25610500
7/2/2015,26.05,26.23,26.05,26.17,24718060
7/1/2015,26.24,26.28,25.91,26.09,39227080
6/30/2015,26.3,26.31,26.03,26.03,44711900
6/29/2015,26.25,26.43,26.03,26.08,38756420
6/26/2015,26.86,26.89,26.57,26.58,42182600
6/25/2015,26.94,27.05,26.76,26.76,26713940
6/24/2015,27,27,26.78,26.89,25732160
6/23/2015,26.98,27.07,26.76,27.02,23949000
6/22/2015,26.98,27.19,26.88,26.91,25005640
6/19/2015,26.86,26.91,26.65,26.83,37869940
6/18/2015,26.55,26.91,26.54,26.84,36662180
6/17/2015,26.47,26.55,26.26,26.46,25884320
6/16/2015,26.42,26.48,26.28,26.41,21436280
6/15/2015,26.4,26.42,26.2,26.36,32654040
6/12/2015,26.58,26.66,26.51,26.62,19115780
6/11/2015,26.92,26.95,26.65,26.73,24350720
6/10/2015,26.47,26.92,26.47,26.83,36299160
6/9/2015,26.38,26.46,26.15,26.33,29105320
6/8/2015,26.67,26.71,26.31,26.34,30482780
6/5/2015,26.82,26.86,26.63,26.67,27764400
6/4/2015,26.89,27.03,26.72,26.84,26966740
6/3/2015,27,27.18,26.86,27.02,34340720
6/2/2015,26.65,27.15,26.57,26.96,38779780
6/1/2015,26.84,26.84,26.49,26.7,38086640
5/29/2015,26.87,26.93,26.57,26.61,51948140
5/28/2015,26.9,27.03,26.81,26.99,20596980
5/27/2015,26.64,27.03,26.59,26.99,30500380
5/26/2015,26.91,26.95,26.49,26.62,48130240
5/22/2015,27.01,27.21,26.98,27.01,23524280
5/21/2015,26.9,27.19,26.8,27.13,29253900
5/20/2015,26.92,27.15,26.65,26.96,28616520
5/19/2015,26.7,27.03,26.65,26.87,39338940
5/18/2015,26.6,26.74,26.44,26.62,40068420
5/15/2015,26.96,26.96,26.52,26.69,39426860
5/14/2015,26.69,26.95,26.62,26.92,28078700
5/13/2015,26.53,26.72,26.43,26.48,25061260
5/12/2015,26.58,26.66,26.26,26.45,32683480
5/11/2015,26.92,27.1,26.77,26.79,18105700
5/8/2015,26.83,27.06,26.8,26.91,30552300
5/7/2015,26.2,26.67,26.09,26.54,30925560
5/6/2015,26.56,26.62,26.05,26.21,31339740
5/5/2015,26.91,26.99,26.52,26.54,27661360
5/4/2015,26.93,27.2,26.75,27.04,26159200
5/1/2015,26.92,26.98,26.61,26.9,35363620
4/30/2015,27.39,27.43,26.75,26.87,41644280
4/29/2015,27.52,27.68,27.35,27.45,33975220
4/28/2015,27.73,27.8,27.52,27.68,29819660
4/27/2015,28.17,28.3,27.66,27.77,47960780
4/24/2015,28.23,28.48,27.79,28.18,98650846
4/23/2015,26.98,27.47,26.94,27.28,83696762
4/22/2015,26.65,26.98,26.51,26.89,31872246
4/21/2015,26.8,26.9,26.61,26.63,36894417
4/20/2015,26.21,26.73,26.15,26.7,33601782
4/17/2015,26.36,26.42,25.98,26.13,43036975
4/16/2015,26.42,26.71,26.41,26.62,25997281
4/15/2015,26.36,26.66,26.09,26.55,46377261
4/14/2015,26.74,26.8,26.33,26.45,52083525
4/13/2015,26.85,27.13,26.79,26.88,32906317
4/10/2015,27.04,27.04,26.79,26.93,28188681
4/9/2015,26.98,27.02,26.7,26.96,31157068
4/8/2015,26.85,27.12,26.85,27.01,23571198
4/7/2015,26.83,27.06,26.73,26.78,26057325
4/6/2015,26.54,26.85,26.41,26.76,26487884
4/2/2015,26.97,26.97,26.62,26.7,34328772
4/1/2015,27.35,27.48,26.9,27.05,39261899
3/31/2015,27.42,27.66,27.26,27.32,31760520
3/30/2015,27.51,27.6,27.33,27.53,25749683
3/27/2015,27.57,27.69,27.33,27.34,37950408
3/26/2015,27.8,27.87,27.46,27.68,31452778
3/25/2015,28.45,28.53,27.86,27.86,43045579
3/24/2015,28.05,28.65,27.98,28.43,51666202
3/23/2015,27.94,28.04,27.72,27.86,32876175
3/20/2015,28.01,28.01,27.88,27.94,52337139
3/19/2015,27.89,27.96,27.73,27.82,23946566
3/18/2015,27.55,27.91,27.28,27.9,42691208
3/17/2015,27.51,27.61,27.32,27.47,36110310
3/16/2015,27.47,27.77,27.23,27.65,32819760
3/13/2015,27.6,27.84,27.14,27.29,34070766
3/12/2015,27.6,27.74,27.45,27.7,27791553
3/11/2015,27.68,27.83,27.46,27.48,36415004
3/10/2015,28.14,28.17,27.66,27.67,35845324
3/9/2015,28.27,28.44,28.1,28.36,21244909
3/6/2015,28.67,28.76,28.26,28.31,33180107
3/5/2015,28.67,28.82,28.59,28.69,27792476
3/4/2015,28.52,28.78,28.32,28.59,37536695
3/3/2015,28.44,28.69,28.25,28.6,34095072
3/2/2015,27.95,28.53,27.86,28.49,42592578
2/27/2015,27.64,28.16,27.57,27.84,48203080
2/26/2015,27.09,27.73,27,27.7,46231000
2/25/2015,26.72,27.24,26.7,27.12,36520854
2/24/2015,26.43,26.77,26.34,26.73,20102922
2/23/2015,26.73,26.75,26.4,26.52,29157995
2/20/2015,27.08,27.11,26.72,26.87,28903397
2/19/2015,26.83,27.08,26.83,27.07,19803801
2/18/2015,27,27.2,26.8,26.91,29061370
2/17/2015,27.27,27.42,26.98,27.07,32337360
2/13/2015,27.09,27.42,27.08,27.38,38006622
2/12/2015,26.79,27.17,26.66,27.07,32405225
2/11/2015,26.69,26.85,26.6,26.73,27554865
2/10/2015,26.39,26.81,26.27,26.77,34997383
2/9/2015,26.33,26.53,26.23,26.32,25354962
2/6/2015,26.31,26.79,26.25,26.48,35269608
2/5/2015,26.12,26.35,26.03,26.31,36995072
2/4/2015,26.39,26.56,25.99,26.07,33273623
2/3/2015,26.33,26.6,26.09,26.39,40773377
2/2/2015,26.51,26.58,25.86,26.35,56995634
1/30/2015,25.72,26.92,25.71,26.65,112126643
1/29/2015,25.48,25.48,24.99,25.46,83727807
1/28/2015,26.07,26.08,25.43,25.43,33676847
1/27/2015,26.43,26.46,25.84,25.86,38081186
1/26/2015,26.85,26.88,26.41,26.69,30875036
1/23/2015,26.71,27.03,26.58,26.92,45634708
1/22/2015,26,26.74,25.91,26.65,53537806
1/21/2015,25.29,25.89,25.24,25.83,45373372
1/20/2015,25.48,25.55,25.23,25.28,44640706
1/16/2015,24.93,25.34,24.93,25.33,45966757
1/15/2015,25.21,25.21,24.82,25.02,54376021
1/14/2015,24.66,25.09,24.58,24.97,44715230
1/13/2015,24.87,25.08,24.55,24.74,47443681
1/12/2015,24.68,24.73,24.31,24.56,46536377
1/9/2015,25.17,25.18,24.67,24.74,41427769
1/8/2015,24.83,25.11,24.48,25.07,67071602
1/7/2015,25.28,25.29,24.91,24.99,41300441
1/6/2015,25.68,25.74,24.98,25.03,57997858
1/5/2015,26.09,26.14,25.58,25.62,41197599
1/2/2015,26.38,26.49,26.13,26.17,29012697
12/30/2014,26.332205,26.484785,26.284336,26.448385,17525986
12/29/2014,26.536644,26.700693,26.427992,26.443897,45570772
12/26/2014,26.366112,26.639362,26.293312,26.628391,20810980
12/24/2014,26.452873,26.515154,26.278851,26.366112,14118657
12/23/2014,26.277855,26.654819,26.242451,26.456863,43952341
12/22/2014,25.733349,26.250929,25.733349,26.171646,54475152
12/19/2014,25.505474,25.815125,25.276154,25.746813,73804074
12/18/2014,25.577278,25.623152,25.165907,25.485031,58534266
12/17/2014,24.781961,25.280592,24.772488,25.175381,57663883
12/16/2014,25.507969,25.582264,24.383057,24.701681,79285081
12/15/2014,26.065437,26.083387,25.593233,25.619661,56268061
12/12/2014,26.103832,26.35265,25.861996,25.861996,39891221
12/11/2014,26.317745,26.622908,26.282841,26.344671,32216207
12/10/2014,26.581022,26.743076,26.206051,26.230984,34245764
12/9/2014,26.035519,26.63637,25.953745,26.595482,37426473
12/8/2014,26.284336,26.477306,26.117794,26.276857,46587556
12/5/2014,26.477306,26.571548,26.142227,26.191092,51312493
12/4/2014,26.485285,26.79344,26.357136,26.791943,27842232
12/3/2014,26.499247,26.726423,26.390545,26.493263,25559983
12/2/2014,26.602463,26.701691,26.417471,26.614429,30533600
12/1/2014,26.871225,26.996382,26.520189,26.616922,42307838
11/28/2014,26.956989,27.025801,26.75654,27.017324,22966883
11/26/2014,26.969954,27.003363,26.77858,26.944525,30459397
11/25/2014,26.876211,27.124531,26.856365,26.979927,35798014
11/24/2014,26.808895,27.060705,26.707674,26.889673,34127440
11/21/2014,27.006353,27.032782,26.754545,26.801416,44485801
11/20/2014,26.489773,26.682243,26.481297,26.668282,31267610
11/19/2014,26.67676,26.838314,26.431433,26.775988,27844237
11/18/2014,26.801416,27.022808,26.635372,26.678255,39253475
11/17/2014,27.104584,27.115055,26.629938,26.752052,34520517
11/14/2014,27.259159,27.259159,27.033279,27.145472,25790614
11/13/2014,27.414734,27.414734,27.099598,27.194338,26787343
11/12/2014,27.444153,27.447641,27.183867,27.290573,22593862
11/11/2014,27.349413,27.521441,27.240211,27.439165,19310873
11/10/2014,26.998875,27.404263,26.976934,27.299549,22692131
11/7/2014,27.235723,27.235723,26.859756,26.976437,32675465
11/6/2014,27.200321,27.269382,26.974442,27.027796,26665008
11/5/2014,27.763775,27.763775,27.128019,27.221264,40645286
11/4/2014,27.574295,27.698954,27.389801,27.629642,24884132
11/3/2014,27.698954,27.818624,27.585764,27.684992,27645693
10/31/2014,27.890924,27.901896,27.661554,27.877462,40701440
10/30/2014,27.372349,27.564322,27.101093,27.440163,29113713
10/29/2014,27.424706,27.633633,27.274118,27.391296,35410955
10/28/2014,27.075665,27.373844,27.006853,27.369856,25419598
10/27/2014,26.777981,27.145971,26.777981,26.96447,23706909
10/24/2014,27.143478,27.169407,26.71615,26.915106,39462046
10/23/2014,26.892168,27.286085,26.719143,27.124531,46976621
10/22/2014,26.421959,26.916101,26.367607,26.562572,58385859
10/21/2014,26.187601,26.267384,25.884434,26.254917,46725935
10/20/2014,25.402758,26.016573,25.335442,25.970697,52150788
10/17/2014,26.290319,26.476309,25.356882,25.488522,110787334
10/16/2014,25.878948,26.399021,25.679497,26.153694,74171079
10/15/2014,26.477804,26.56706,25.844046,26.42894,74387672
10/14/2014,26.871225,27.28459,26.585508,26.823357,44451708
10/13/2014,27.174891,27.399775,26.58202,26.587503,51633371
10/10/2014,27.809649,28.179134,27.128019,27.14996,61638766
10/9/2014,28.480806,28.496264,27.876465,27.967216,50496258
10/8/2014,28.201075,28.615437,27.79818,28.546625,39817018
10/7/2014,28.641365,28.684746,28.109823,28.109823,38226664
10/6/2014,28.860764,28.970463,28.64336,28.788462,24292512
10/3/2014,28.574051,28.782228,28.546625,28.685246,22834521
10/2/2014,28.287836,28.517206,28.088882,28.425957,23568530
10/1/2014,28.721645,28.799931,28.272877,28.335705,28909153
9/30/2014,28.767519,28.913118,28.564077,28.78896,32434806
9/29/2014,28.509228,28.830345,28.480307,28.739098,25648224
9/26/2014,28.724138,28.883202,28.654329,28.775995,28873054
9/25/2014,29.297066,29.318506,28.630396,28.674274,38519466
9/24/2014,28.993399,29.40078,28.946527,29.319004,34562632
9/23/2014,29.262161,29.262161,28.970463,28.976944,29428575
9/22/2014,29.609707,29.616138,29.093124,29.28809,33790518
9/19/2014,29.494024,29.742342,29.394299,29.722397,74732617
9/18/2014,29.26964,29.396292,29.169914,29.38283,28891103
9/17/2014,28.921097,29.295568,28.859516,29.158445,33856699
9/16/2014,28.559589,28.995394,28.554604,28.918104,29607064
9/15/2014,28.568565,28.668791,28.332712,28.576544,31951483
9/12/2014,28.970463,29.002375,28.644358,28.702198,32033708
9/11/2014,28.938549,29.010851,28.73411,28.987913,24420864
9/10/2014,28.995394,29.095119,28.768017,29.075174,19547521
9/9/2014,29.36438,29.369366,28.920597,28.970961,25744488
9/8/2014,29.249695,29.507486,29.234735,29.405268,28620362
9/5/2014,29.119055,29.247202,29.017832,29.223766,32647388
9/4/2014,28.920597,29.219776,28.881704,29.019327,29163850
9/3/2014,28.920597,29.069689,28.671284,28.817881,24302540
9/2/2014,28.514214,28.812395,28.481304,28.787464,31568434
8/29/2014,28.488285,28.523687,28.27582,28.501747,21675347
8/28/2014,28.400028,28.584023,28.277365,28.382076,25858801
8/27/2014,28.784472,28.845304,28.427103,28.47183,34067276
8/26/2014,28.983425,29.010351,28.750067,28.81389,32793789
8/25/2014,29.155952,29.169914,28.870735,28.930571,27228551
8/22/2014,29.099607,29.181683,28.952511,29.048248,15781209
8/21/2014,29.111076,29.144981,28.977442,29.088636,18296094
8/20/2014,29.213795,29.254681,29.048746,29.144484,20734771
8/19/2014,29.169914,29.286594,29.12005,29.262659,19573592
8/18/2014,28.726631,29.145481,28.721146,29.028303,25682318
8/15/2014,28.81389,28.889683,28.447895,28.595491,30383189
8/14/2014,28.730122,28.815886,28.465847,28.653831,19709966
8/13/2014,28.287836,28.671284,28.210049,28.660313,28784812
8/12/2014,28.148718,28.217529,27.967216,28.059464,30840441
8/11/2014,28.421469,28.4464,28.222515,28.316257,24294518
8/8/2014,28.100849,28.434433,27.940788,28.360636,29895854
8/7/2014,28.322241,28.416483,27.978186,28.090876,22218835
8/6/2014,28.012093,28.456873,27.923336,28.241163,26687069
8/5/2014,28.424461,28.520697,28.053478,28.176142,31024946
8/4/2014,28.3741,28.688734,28.127775,28.579037,28546159
8/1/2014,28.441914,28.719152,28.065447,28.226006,39105069
7/31/2014,28.950516,29.102598,28.421967,28.501747,42055146
7/30/2014,29.247202,29.394299,29.12005,29.290583,20329662
7/29/2014,29.356901,29.40427,29.095867,29.200331,26997920
7/28/2014,29.322994,29.543886,29.157598,29.449146,19736037
7/25/2014,29.439175,29.511974,29.271135,29.370363,18649061
7/24/2014,29.740847,29.892929,29.507486,29.586271,20702684
7/23/2014,29.580288,29.810656,29.543886,29.717411,24663528
7/22/2014,29.455132,29.900408,29.449146,29.655581,33983045
7/21/2014,29.506491,29.638626,29.181532,29.392801,41242922
7/18/2014,29.568819,29.758299,29.020325,29.672535,80283816
7/17/2014,28.897163,28.969963,28.352657,28.607958,60331186
7/16/2014,29.319504,29.339449,29.030296,29.053234,27942506
7/15/2014,29.206814,29.210054,28.749069,29.158943,32460877
7/14/2014,29.050243,29.180386,28.822369,29.163431,37081529
7/11/2014,28.517206,28.962982,28.492773,28.879711,32434806
7/10/2014,28.218027,28.750565,28.173151,28.476816,27134293
7/9/2014,28.500751,28.757048,28.390854,28.725136,22335153
7/8/2014,28.803919,28.897062,28.229246,28.476318,38190565
7/7/2014,29.108084,29.241219,28.900154,29.032789,21292298
7/3/2014,29.087641,29.170412,28.966473,29.15645,14283107
7/2/2014,29.087641,29.191854,28.940044,29.037029,21127848
7/1/2014,28.836828,29.139996,28.753557,29.053734,28959290
6/30/2014,28.853783,28.899157,28.658817,28.685246,26275943
6/27/2014,28.779985,28.914116,28.611446,28.782976,44738493
6/26/2014,28.970463,29.042763,28.514214,28.721146,34839390
6/25/2014,28.185616,28.918604,28.183622,28.853283,39387843
6/24/2014,28.182125,28.553905,27.973698,28.153704,44142862
6/23/2014,27.681499,28.172651,27.636623,28.170158,30736155
6/20/2014,27.766268,27.802668,27.444252,27.741835,90166875
6/19/2014,27.636126,27.674021,27.350409,27.669035,49136535
6/18/2014,27.168409,27.602219,27.125526,27.592745,34835379
6/17/2014,27.135498,27.191345,26.892666,27.076162,28891103
6/16/2014,27.387808,27.405758,27.001865,27.139488,34051232
6/13/2014,27.537395,27.539391,27.203314,27.512465,24410836
6/12/2014,27.788706,27.823112,27.347916,27.492022,29169867
6/11/2014,27.82361,27.917353,27.675018,27.865496,22002242
6/10/2014,27.948767,28.102844,27.818624,27.950762,27034019
6/9/2014,27.781227,28.06794,27.72588,28.029045,29350361
6/6/2014,27.826603,27.826603,27.371351,27.740339,34735104
6/5/2014,27.245197,27.671528,27.147964,27.619171,33782496
6/4/2014,27.00087,27.355396,26.863747,27.158438,36329469
6/3/2014,27.47407,27.541386,27.053225,27.172398,37332215
6/2/2014,27.958241,27.968212,27.21179,27.620667,28700582
5/30/2014,27.963226,27.990652,27.719397,27.917852,35422988
5/29/2014,28.090378,28.122789,27.859013,27.927326,27082150
5/28/2014,28.151211,28.314262,27.9732,28.007107,33040464
5/27/2014,27.723885,28.222515,27.641609,28.220022,42083223
5/23/2014,27.28808,27.606207,27.110567,27.559336,38643806
5/22/2014,26.98242,27.305035,26.964968,27.178383,32316482
5/21/2014,26.572046,26.885336,26.522682,26.87322,23925508
5/20/2014,26.414478,26.738091,26.24295,26.415976,35695734
5/19/2014,25.913855,26.416473,25.808292,26.3706,25555972
5/16/2014,25.998121,26.018566,25.701437,25.960226,29705333
5/15/2014,26.213032,26.22151,25.800165,25.927814,34087331
5/14/2014,26.577032,26.577032,26.192589,26.260403,23835261
5/13/2014,26.471823,26.730112,26.403011,26.58152,33068541
5/12/2014,26.103832,26.436916,25.879448,26.423454,38250730
5/9/2014,25.467579,25.923826,25.140976,25.865486,48789585
5/8/2014,25.353392,25.790691,25.253166,25.480045,40426688
5/7/2014,25.718889,25.763268,25.0961,25.428186,64486563
5/6/2014,26.189596,26.268379,25.682489,25.686478,33780490
5/5/2014,26.169153,26.372595,25.994633,26.318243,20482080
5/2/2014,26.614929,26.626896,26.208544,26.324226,33770463
5/1/2014,26.283339,26.573542,26.12228,26.494759,38110345
4/30/2014,26.307772,26.327717,26.054466,26.2609,35023895
4/29/2014,25.774237,26.400517,25.745316,26.312757,53981801
4/28/2014,25.788198,25.859003,25.071167,25.786703,66710653
4/25/2014,26.053968,26.16317,25.700439,25.738335,42007014
4/24/2014,26.430935,26.509718,26.034521,26.186106,37663121
4/23/2014,26.616425,26.620415,26.240458,26.274862,41046384
4/22/2014,26.359631,26.787954,26.303284,26.667286,47307527
4/21/2014,26.731607,26.761526,26.208046,26.358631,51334553
4/17/2014,27.365368,27.399775,26.484785,26.731607,136190888
4/16/2014,27.075665,27.773746,26.926073,27.750811,97865955
4/15/2014,26.767509,26.848787,25.852022,26.748562,77101101
4/14/2014,26.838814,27.130512,26.405504,26.553099,51501009
4/11/2014,26.554594,26.926073,26.254417,26.457361,78496923
4/10/2014,28.172651,28.172651,26.921087,26.973444,80737057
4/9/2014,27.904388,28.191101,27.571802,28.12977,66616395
4/8/2014,27.055719,27.674021,27.006353,27.669035,63024560
4/7/2014,26.962973,27.348913,26.285334,26.833828,88033033
4/4/2014,28.653831,28.809404,27.075665,27.082645,127386783
4/3/2014,28.414488,29.283602,28.129271,28.409002,101983228
4/2/2014,29.917362,30.158699,28.032537,28.272379,2942055
4/1/2014,27.859013,28.344681,27.859013,28.280355,158434
3/31/2014,28.266893,28.272379,27.770258,27.772251,216593
3/28/2014,27.983171,28.243956,27.857019,27.922838,824257
3/27/2014,28.322241,28.322241,27.570307,27.846546,262719
3/26/2014,28.941769,29.179876,28.181868,28.193575,103586819
3/25/2014,29.041147,29.136787,28.567921,28.859825,96769361
3/24/2014,29.4942,29.511883,28.541767,28.840151,121939352
3/21/2014,30.045134,30.127825,29.450861,29.465555,128821050
3/20/2014,29.886726,30.127325,29.772406,29.817238,67640587
3/19/2014,30.181871,30.186604,29.748743,29.869293,64757822
3/18/2014,29.75522,30.175146,29.71512,30.168421,72872123
3/17/2014,29.371161,29.814997,29.342766,29.69121,86808163
3/14/2014,29.439404,29.660576,29.203787,29.210512,92099924
3/13/2014,30.085979,30.149492,29.508394,29.615494,94175675
3/12/2014,29.798309,30.08349,29.4942,30.069792,78866507
3/11/2014,30.230936,30.244637,29.804285,29.887724,68776830
3/10/2014,30.278757,30.327326,29.989841,30.176142,48766105
3/7/2014,30.555471,30.560204,30.172905,30.256342,60831159
3/6/2014,30.442892,30.539282,30.351236,30.376392,50914126
3/5/2014,30.262817,30.462818,30.172157,30.342768,49597208
3/4/2014,30.261572,30.28648,30.124586,30.259331,58928052
3/3/2014,30.056091,30.083241,29.692205,29.954971,84507572
2/28/2014,30.394573,30.490463,30.042892,30.277761,92890878
2/27/2014,30.346006,30.491461,30.311634,30.366428,50588912
2/26/2014,30.485731,30.607277,30.230688,30.390341,79585191
2/25/2014,30.284985,30.498184,30.147499,30.386105,57763704
2/24/2014,30.021473,30.390091,30.014996,30.199554,67223027
2/21/2014,30.082493,30.133801,29.958708,29.982368,74771214
2/20/2014,29.966179,30.05958,29.893452,29.990339,68287001
2/19/2014,30.019978,30.117613,29.825706,29.946255,84459392
2/18/2014,29.923092,30.208521,29.887974,30.158957,84672187
2/14/2014,29.778631,29.997313,29.708645,29.95771,87795852
2/13/2014,29.40852,29.885483,29.381371,29.885483,73731331
2/12/2014,29.613998,29.638906,29.424212,29.556465,69238554
2/11/2014,29.394073,29.685482,29.195818,29.643389,82339476
2/10/2014,29.185604,29.449615,29.116365,29.213751,78099643
2/7/2014,29.081743,29.337536,28.905655,29.326078,105843245
2/6/2014,28.670786,28.895693,28.581619,28.890711,78155853
2/5/2014,28.477758,28.661818,28.095192,28.473274,96139007
2/4/2014,28.343512,28.767174,28.319103,28.347746,112897588
2/3/2014,29.369913,29.432678,28.194571,28.229937,183449044
1/31/2014,29.174397,29.552729,28.670786,29.414,223486554
1/30/2014,28.518106,28.704659,28.076014,28.278753,204419353
1/29/2014,27.873524,27.939028,27.382862,27.569662,95552818
1/28/2014,27.654345,28.038654,27.64488,27.970409,88739375
1/27/2014,28.047373,28.057335,26.955713,27.427942,174796734
1/24/2014,28.667795,28.731058,27.970161,27.990833,156283602
1/23/2014,28.891706,28.953724,28.751482,28.894197,78256228
1/22/2014,29.056339,29.088221,28.863314,29.016739,63091600
1/21/2014,28.914869,28.991333,28.675018,28.983862,79492846
1/17/2014,28.813251,28.907398,28.498182,28.655842,108457005
1/16/2014,28.620224,28.840151,28.592827,28.79756,67608467
1/15/2014,28.717112,28.767174,28.48797,28.608269,78300393
1/14/2014,28.342516,28.667547,28.096935,28.627695,99676216
1/13/2014,28.056587,28.56568,27.824955,27.969664,97118665
1/10/2014,28.370661,28.370661,27.951481,28.148991,86061375
1/9/2014,28.479254,28.49868,28.033922,28.150484,83692529
1/8/2014,28.543015,28.575891,28.22645,28.42421,90036218
1/7/2014,28.019974,28.385853,27.924334,28.365179,102486711
1/6/2014,27.721344,27.867046,27.557707,27.828691,71037271
1/3/2014,27.770908,27.818977,27.520098,27.521841,66917888
1/2/2014,27.782366,27.839401,27.603037,27.724083,73129082
12/30/2013,27.90391,27.907894,27.621965,27.632925,49629328
12/27/2013,27.895441,27.902414,27.719601,27.855591,63023345
12/26/2013,27.74625,27.870535,27.613747,27.832178,53712576
12/24/2013,27.770161,27.776884,27.599052,27.692204,29478078
12/23/2013,27.592575,27.790833,27.52483,27.773397,69122119
12/20/2013,27.1059,27.426449,27.098429,27.41275,130953011
12/19/2013,26.918352,27.197805,26.876261,27.054094,66877738
12/18/2013,26.696186,27.022463,26.377132,27.017483,88743390
12/17/2013,26.720346,26.918104,26.60976,26.646622,61658247
12/16/2013,26.500669,26.76692,26.451105,26.724331,64320188
12/13/2013,26.784605,26.806772,26.34849,26.420719,86820208
12/12/2013,26.888466,26.972401,26.625202,26.649113,64099363
12/11/2013,27.083485,27.181118,26.778875,26.831678,68728650
12/10/2013,26.803286,27.205776,26.790831,27.01524,74433955
12/9/2013,26.674767,26.956711,26.600794,26.852848,59526286
12/6/2013,26.644878,26.650108,26.403034,26.646872,57366220
12/5/2013,26.331305,26.392574,26.179125,26.334791,45517975
12/4/2013,26.186098,26.500172,26.151976,26.355713,47842656
12/3/2013,26.175636,26.486721,26.127567,26.233171,67295297
12/2/2013,26.488464,26.5592,26.170904,26.263557,55133884
11/29/2013,26.454842,26.565924,26.387344,26.390831,47890836
11/27/2013,26.451603,26.600296,26.401043,26.478502,45112461
11/26/2013,26.117107,26.438402,25.976135,26.361441,91794785
11/25/2013,25.832174,26.231428,25.778873,26.050606,64761837
11/22/2013,25.739023,25.807516,25.634417,25.700916,50356042
11/21/2013,25.579123,25.860817,25.554216,25.755213,43835693
11/20/2013,25.652597,25.73753,25.413742,25.462311,38692487
11/19/2013,25.696684,25.77215,25.480742,25.53429,45433661
11/18/2013,25.797056,26.120594,25.634914,25.692448,70651832
11/15/2013,25.775139,25.853096,25.661564,25.742512,51243355
11/14/2013,25.751476,25.896683,25.66256,25.784105,46842923
11/13/2013,25.074764,25.724827,25.068537,25.715363,63412799
11/12/2013,25.098425,25.344004,25.031178,25.200045,48906630
11/11/2013,25.143505,25.303408,25.105898,25.170404,44670812
11/8/2013,25.124577,25.367416,25.118349,25.305897,51825529
11/7/2013,25.469784,25.502661,25.096931,25.104652,67435822
11/6/2013,25.544254,25.579123,25.289459,25.47327,36652871
11/5/2013,25.413494,25.694939,25.340519,25.442635,47433127
11/4/2013,25.691202,25.712872,25.455338,25.556955,45722740
11/1/2013,25.698425,25.803284,25.531801,25.580118,51524405
10/31/2013,25.627193,25.940767,25.503656,25.668289,65845885
10/30/2013,25.8389,25.840893,25.554216,25.664305,53162522
10/29/2013,25.38236,25.826694,25.242884,25.809261,64440637
10/28/2013,25.285225,25.490206,25.230181,25.280243,46521724
10/25/2013,25.624453,25.624453,25.174141,25.285225,81524432
10/24/2013,25.700418,25.917107,25.524328,25.543009,83997668
10/23/2013,24.931549,25.77215,24.922335,25.688961,106927293
10/22/2013,25.031178,25.230431,24.801786,25.08099,88675135
10/21/2013,25.192074,25.379869,24.895435,24.988836,145675990
10/18/2013,24.32333,25.2917,24.259071,25.190828,464390148
10/17/2013,22.241385,22.33877,22.060562,22.136776,170902191
10/16/2013,22.064049,22.374386,22.017721,22.366913,80604999
10/15/2013,21.812243,22.058071,21.768408,21.967909,63914673
10/14/2013,21.585592,21.824448,21.553961,21.820959,49930453
10/11/2013,21.569901,21.755455,21.55172,21.718344,56567236
10/10/2013,21.515354,21.639639,21.424944,21.624945,90550137
10/9/2013,21.327061,21.485716,20.995804,21.316601,106449509
10/8/2013,21.552217,21.568655,21.211245,21.262054,78039419
10/7/2013,21.605268,21.768158,21.522079,21.562677,51937949
10/4/2013,21.793312,21.855829,21.668779,21.72731,54523605
10/3/2013,22.1171,22.26903,21.721085,21.820461,84997401
10/2/2013,21.985842,22.150972,21.86355,22.116852,60036190
10/1/2013,21.924072,22.108879,21.919092,22.092194,67644602
9/30/2013,21.645866,21.938768,21.626688,21.815977,69154239
9/27/2013,21.78883,21.856077,21.701408,21.827934,50540732
9/26/2013,21.875505,21.98634,21.793312,21.872267,50584897
9/25/2013,22.080984,22.080984,21.808256,21.848854,66207234
9/24/2013,22.079741,22.169403,21.952717,22.088207,59694916
9/23/2013,22.320089,22.455582,22.047361,22.079741,71362485
9/20/2013,22.375879,22.518845,22.306889,22.493439,174463490
9/19/2013,22.56517,22.56517,22.301409,22.375879,64155573
9/18/2013,22.076004,22.514858,21.99431,22.498669,77678069
9/17/2013,22.102406,22.126814,21.942753,22.070026,50564822
9/16/2013,22.321335,22.341259,22.039143,22.111122,53660381
9/13/2013,22.278994,22.308384,22.038395,22.143749,53214717
9/12/2013,22.351221,22.363674,22.167162,22.243128,43984248
9/11/2013,22.130548,22.340511,22.069279,22.321085,64665477
9/10/2013,22.167412,22.216726,22.017473,22.133787,51697050
9/9/2013,22.010748,22.160686,21.978121,22.118345,49569103
9/6/2013,21.978619,22.011993,21.76193,21.907387,62698130
9/5/2013,21.755953,21.914858,21.708879,21.906887,51845604
9/4/2013,21.428431,21.755953,21.299416,21.709377,81954037
9/3/2013,21.27924,21.573887,21.269028,21.429178,82210996
8/30/2013,21.31411,21.370897,21.060062,21.093437,74743109
8/29/2013,21.147484,21.429178,21.135529,21.305889,59361671
8/28/2013,21.176874,21.305391,21.115105,21.134533,53395392
8/27/2013,21.41025,21.512615,21.118343,21.174383,69623993
8/26/2013,21.668779,21.790823,21.570398,21.578867,42257801
8/23/2013,21.863798,21.868032,21.662554,21.674009,43245489
8/22/2013,21.736029,21.787086,21.675007,21.761185,34926424
8/21/2013,21.684969,21.840885,21.581608,21.652094,70555472
8/20/2013,21.627684,21.721333,21.507883,21.554708,49504863
8/19/2013,21.362677,21.718594,21.356201,21.560436,72707508
8/16/2013,21.451593,21.480486,21.333536,21.342752,67255147
8/15/2013,21.530298,21.542253,21.3699,21.411245,75048249
8/14/2013,21.877249,21.923574,21.598045,21.664047,83600184
8/13/2013,22.087959,22.129553,21.8232,21.94898,57004870
8/12/2013,22.089703,22.092194,21.958942,22.055082,55286453
8/9/2013,22.180861,22.304398,22.166912,22.177126,53146462
8/8/2013,22.30365,22.312368,22.049603,22.233166,59743096
8/7/2013,22.292442,22.377375,22.144247,22.183102,55374783
8/6/2013,22.532791,22.657824,22.309628,22.330549,60469809
8/5/2013,22.550226,22.553465,22.396053,22.540512,52584363
8/2/2013,22.501657,22.590326,22.436403,22.579617,68812965
8/1/2013,22.291447,22.529305,22.291447,22.521086,85856610
7/31/2013,22.241385,22.329056,22.07177,22.110872,87265872
7/30/2013,22.053837,22.306639,21.939514,22.189827,70487217
7/29/2013,22.039888,22.286963,21.940014,21.974384,75959652
7/26/2013,22.091944,22.166664,21.967661,22.051098,71374530
7/25/2013,22.263302,22.337523,22.069279,22.109629,120493954
7/24/2013,22.596802,22.672518,22.433414,22.488209,83451629
7/23/2013,22.68248,22.739765,22.40527,22.510626,82134711
7/22/2013,22.465794,22.731546,22.341259,22.68248,116563276
7/19/2013,22.082479,22.489454,21.808506,22.331297,295475379
7/18/2013,22.888956,22.914112,22.495432,22.681982,145924920
7/17/2013,22.939018,23.084972,22.821959,22.877998,60469809
7/16/2013,23.091698,23.112617,22.762182,22.9044,79617311
7/15/2013,23.021212,23.113365,22.823452,23.030924,78713937
7/12/2013,22.914112,22.988832,22.795557,22.988832,103113050
7/11/2013,22.739765,22.934286,22.628183,22.92009,103755449
7/10/2013,22.501907,22.693439,22.425444,22.56517,68592140
7/9/2013,22.689953,22.73852,22.365667,22.54649,79472771
7/8/2013,22.396303,22.572144,22.343252,22.542753,79075287
7/5/2013,22.167162,22.301659,22.10066,22.253838,68331166
7/3/2013,21.915356,22.14624,21.880487,22.077995,42036977
7/2/2013,22.171894,22.19182,21.849852,21.975382,75943592
7/1/2013,22.078493,22.218719,22.042379,22.114111,69250599
6/28/2013,21.790823,21.963675,21.77314,21.927061,94324230
6/27/2013,21.887959,22.034658,21.83441,21.84487,77348840
6/26/2013,21.76218,21.868032,21.682978,21.759689,73530581
6/25/2013,21.849602,21.909876,21.532043,21.574135,102510801
6/24/2013,21.715605,21.826191,21.50066,21.663549,121128323
6/21/2013,22.125568,22.163923,21.745243,21.94101,159889066
6/20/2013,22.266291,22.440886,22.000288,22.035904,135385563
6/19/2013,22.450102,22.685966,22.353712,22.432917,117073180
6/18/2013,22.133289,22.440886,22.125816,22.431421,87000883
6/17/2013,21.898668,22.152716,21.875008,22.073513,86173794
6/14/2013,21.920338,22.034908,21.771645,21.79431,90136592
6/13/2013,21.643375,21.909378,21.5567,21.843126,83106340
6/12/2013,22.053837,22.067286,21.660063,21.718096,88522565
6/11/2013,22.016726,22.092194,21.905891,21.913115,70567517
6/10/2013,21.97015,22.19182,21.920088,22.172392,93862506
6/7/2013,21.679241,21.917847,21.552217,21.911121,107385002
6/6/2013,21.526812,21.577374,21.101406,21.53528,103550684
6/5/2013,21.482229,21.655081,21.348232,21.412243,84587872
6/4/2013,21.615231,21.683475,21.272017,21.397299,75024159
6/3/2013,21.7435,21.767658,21.295679,21.609751,99399181
5/31/2013,21.621956,21.843126,21.607012,21.699165,79071272
5/30/2013,21.666788,21.89045,21.579365,21.68771,85145956
5/29/2013,21.810997,21.867785,21.526564,21.626688,80837869
5/28/2013,22.00502,22.220213,21.927809,21.949478,90638467
5/24/2013,21.799789,21.888456,21.693935,21.751471,92216359
5/23/2013,21.843126,22.165916,21.768408,21.987335,91345105
5/22/2013,22.47974,22.64786,22.089205,22.152468,102807910
5/21/2013,22.61573,22.70639,22.356453,22.589579,79617311
5/20/2013,22.540512,22.929056,22.540512,22.628433,91248746
5/17/2013,22.665545,22.75197,22.42893,22.644623,112098604
5/16/2013,22.889206,22.913614,22.466042,22.512367,128865215
5/15/2013,22.3039,22.82395,22.267038,22.811747,160033605
5/14/2013,21.855579,22.134285,21.846615,22.094685,63408784
5/13/2013,21.8902,21.979366,21.752966,21.856327,58157173
5/10/2013,21.801035,21.931295,21.722578,21.923574,76192522
5/9/2013,21.689701,21.909378,21.624695,21.705643,88353936
5/8/2013,21.344994,21.765417,21.243126,21.759192,99102072
5/7/2013,21.494682,21.516102,21.187334,21.350721,78653713
5/6/2013,21.12731,21.465792,21.12731,21.458319,85973045
5/3/2013,20.845865,21.090946,20.821955,21.064047,100880714
5/2/2013,20.42594,20.785839,20.399788,20.662802,81034603
5/1/2013,20.504644,20.541006,20.332788,20.434158,58418148
4/30/2013,20.39854,20.613735,20.365664,20.537271,92613843
4/29/2013,20.006262,20.490696,20.000034,20.400036,92376959
4/26/2013,20.114607,20.118092,19.840134,19.960682,99880980
4/25/2013,20.330048,20.335527,20.115353,20.151964,79986690
4/24/2013,20.127308,20.373634,20.124569,20.260309,73438237
4/23/2013,19.950222,20.311369,19.93428,20.122078,92035684
4/22/2013,19.94026,20.023945,19.302649,19.928055,115768308
4/19/2013,19.157194,20.010994,19.084965,19.922077,232998073
4/18/2013,19.560432,19.571642,18.960432,19.076248,133398142
4/17/2013,19.595303,19.69717,19.37986,19.490944,81785407
4/16/2013,19.591316,19.825687,19.524817,19.760183,69941178
4/15/2013,19.575377,19.850595,19.352961,19.475252,98491793
4/12/2013,19.725813,19.728554,19.500158,19.677494,65713390
4/11/2013,19.74798,19.75346,19.528303,19.685963,81452163
4/10/2013,19.49991,19.734779,19.327557,19.680733,79440651
4/9/2013,19.315102,19.520582,19.255575,19.368652,86615444
4/8/2013,19.396049,19.415974,19.138266,19.298912,113708616
4/5/2013,19.578115,19.60128,19.337519,19.503147,137870844
4/4/2013,20.031168,20.068527,19.708628,19.802525,98270968
4/3/2013,20.260557,20.27899,19.942001,20.079737,69800653
4/2/2013,20.038391,20.294682,20.024942,20.250097,81966082
4/1/2013,19.801031,19.981356,19.757195,19.954954,72562968
3/28/2013,20.024693,20.059065,19.758442,19.780607,91855009
3/27/2013,20.09169,20.099663,19.958441,19.991568,86852328
3/26/2013,20.261555,20.274008,20.119337,20.234655,47854701
3/25/2013,20.234406,20.40427,20.095179,20.165415,68736680
3/22/2013,20.292439,20.304892,20.165415,20.182102,59751126
3/21/2013,20.206511,20.346735,20.170645,20.205765,59325536
3/20/2013,20.344494,20.361429,20.210247,20.291693,58771467
3/19/2013,20.205267,20.404768,20.085962,20.207258,84242583
3/18/2013,20.049849,20.243124,19.961927,20.119337,73807616
3/15/2013,20.386087,20.43092,20.25757,20.281481,124452737
3/14/2013,20.597546,20.597546,20.358442,20.461803,66295564
3/13/2013,20.620211,20.689699,20.480982,20.555702,65898080
3/12/2013,20.690199,20.719587,20.514854,20.612988,80633104
3/11/2013,20.714607,20.914108,20.709873,20.792564,64027093
3/8/2013,20.784594,20.795055,20.549227,20.710373,116912581
3/7/2013,20.773636,20.837397,20.662054,20.737272,82415761
3/6/2013,20.947235,21.021208,20.642876,20.706886,115350748
3/5/2013,20.645864,20.925318,20.645117,20.886711,162370331
3/4/2013,20.05732,20.494183,20.049849,20.460808,111440145
3/1/2013,19.87052,20.103148,19.829424,20.079487,87342157
2/28/2013,19.952711,20.099413,19.95097,19.955202,90971711
2/27/2013,19.795799,20.043621,19.703896,19.919836,81347773
2/26/2013,19.800781,19.824444,19.536772,19.679485,88430220
2/25/2013,19.982599,20.134781,19.688454,19.695427,92501423
2/22/2013,19.906883,19.956448,19.770893,19.918093,82463941
2/21/2013,19.875502,20.061056,19.706635,19.813982,140781714
2/20/2013,20.05732,20.148727,19.720831,19.737518,110982436
2/19/2013,19.825439,20.099663,19.807756,20.095926,117711564
2/15/2013,19.61149,19.757444,19.603271,19.748228,109601278
2/14/2013,19.420458,19.644867,19.371639,19.621952,69672173
2/13/2013,19.43042,19.560432,19.426435,19.498415,48107646
2/12/2013,19.47077,19.623945,19.411491,19.444616,74638720
2/11/2013,19.387333,19.501902,19.271517,19.487455,87037018
2/8/2013,19.43042,19.593309,19.416224,19.56093,121256803
2/7/2013,19.170645,19.397543,19.066036,19.276497,114033831
2/6/2013,18.905886,19.251839,18.891689,19.18235,83435569
2/5/2013,18.957193,19.205763,18.91585,19.072014,75108474
2/4/2013,19.120581,19.189821,18.885962,18.90464,122075862
2/1/2013,18.884216,19.342501,18.881727,19.317593,150405652
1/31/2013,18.692684,18.86977,18.686209,18.821701,65613015
1/30/2013,18.773134,18.952711,18.75246,18.775375,69579828
1/29/2013,18.599035,18.853085,18.593805,18.771639,70145942
1/28/2013,18.72382,18.81946,18.62743,18.698166,65327951
1/25/2013,18.699162,18.891191,18.686209,18.771391,89369729
1/24/2013,18.461802,18.850096,18.443619,18.78484,135815168
1/23/2013,18.331041,18.655075,18.326059,18.468275,237249950
1/22/2013,17.550716,17.567652,17.323069,17.506132,152264594
1/18/2013,17.692682,17.752708,17.467775,17.54698,129555794
1/17/2013,17.875748,17.923817,17.709122,17.716595,88791570
1/16/2013,17.992559,18.040878,17.775124,17.812983,81239368
1/15/2013,17.916096,18.306383,17.736021,18.055573,157696879
1/14/2013,18.356195,18.48571,17.991314,18.013729,114985384
1/11/2013,18.48073,18.49144,18.338762,18.430668,51600690
1/10/2013,18.501402,18.55545,18.269024,18.467777,73703226
1/9/2013,18.238388,18.38982,18.14698,18.384092,81291563
1/8/2013,18.319834,18.338762,18.043119,18.264042,67295297
1/7/2013,18.317591,18.415474,18.196297,18.300158,66476239
1/4/2013,18.165413,18.467529,18.124067,18.380356,110954331
1/3/2013,18.055573,18.229919,17.950716,18.024191,93075567
1/2/2013,17.918339,18.10713,17.846855,18.013729,102033017
12/28/2012,17.476744,17.606756,17.4349,17.4349,56290202
12/27/2012,17.612484,17.654825,17.40003,17.591312,66142994
12/26/2012,17.635647,17.755447,17.494677,17.655573,47473277
12/24/2012,17.796045,17.812735,17.620703,17.671265,33762076
12/21/2012,17.782597,17.903395,17.696669,17.82394,141568653
12/20/2012,18.013979,18.048599,17.857315,17.991564,66528434
12/19/2012,17.950466,18.007504,17.850094,17.935522,77031655
12/18/2012,17.848101,18.159433,17.809496,17.959435,120646524
12/17/2012,17.571636,17.980604,17.534775,17.952211,121871097
12/14/2012,17.413979,17.629421,17.395548,17.483467,85523366
12/13/2012,17.831163,17.844864,17.423443,17.5019,138312493
12/12/2012,17.415474,17.522074,17.272259,17.373878,97403730
12/11/2012,17.185583,17.482471,17.128798,17.356941,107906951
12/10/2012,17.070765,17.226681,17.030914,17.071512,54872909
12/7/2012,17.310118,17.356941,16.996792,17.041374,77059760
12/6/2012,17.125559,17.32531,17.048847,17.21373,58711242
12/5/2012,17.239134,17.297665,16.994551,17.131289,74775229
12/4/2012,17.310118,17.322821,17.078485,17.211239,79966615
12/3/2012,17.490442,17.58135,17.287951,17.316343,88028721
11/30/2012,17.218212,17.415222,17.078238,17.394053,127018318
11/29/2012,17.130291,17.282721,16.986332,17.232658,111476280
11/28/2012,16.637886,17.058809,16.535273,17.027925,122136087
11/27/2012,16.442619,16.811985,16.388573,16.705135,100724129
11/26/2012,16.598783,16.612732,16.413977,16.467028,88514535
11/23/2012,16.686705,16.68745,16.590315,16.63689,37038310
11/21/2012,16.662296,16.68247,16.448347,16.584587,84804682
11/20/2012,16.675247,16.886703,16.552208,16.686705,83861158
11/19/2012,16.331285,16.660551,16.327051,16.642868,95083064
11/16/2012,16.089443,16.264538,15.840625,16.119081,138043489
11/15/2012,16.189318,16.438385,16.037388,16.121075,74233205
11/14/2012,16.454823,16.492682,16.201773,16.252831,66986143
11/13/2012,16.513105,16.627674,16.3943,16.414724,64007018
11/12/2012,16.531784,16.68247,16.460054,16.585335,56446786
11/9/2012,16.305134,16.646107,16.196791,16.513851,125030896
11/8/2012,16.692432,16.724562,16.219954,16.246355,104269368
11/7/2012,16.811985,16.892433,16.600029,16.615721,89626688
11/6/2012,17.073006,17.098412,16.875496,16.979357,63549309
11/5/2012,17.048597,17.107376,16.825932,17.010241,65681270
11/2/2012,17.304888,17.323816,17.120081,17.133778,93324497
11/1/2012,16.924065,17.208,16.904636,17.125559,82311371
10/31/2012,16.933031,16.961424,16.811985,16.943991,61710442
10/26/2012,16.849344,17.011986,16.717339,16.815722,78324483
10/25/2012,16.936518,16.986332,16.774874,16.880728,96403996
10/24/2012,17.105883,17.110865,16.818708,16.86927,100234300
10/23/2012,16.737514,17.119083,16.737265,16.945234,117101285
10/22/2012,16.961674,17.051836,16.679979,16.903393,162832055
10/19/2012,17.573629,17.601524,16.737265,16.9811,461009524
10/18/2012,18.817966,18.914602,16.836891,17.310118,499561487
10/17/2012,18.529299,18.837891,18.437391,18.816719,92059774
10/16/2012,18.434155,18.605015,18.342747,18.547977,82636586
10/15/2012,18.479235,18.526308,18.199286,18.455324,121216653
10/12/2012,18.726061,18.801277,18.533033,18.549223,96528461
10/11/2012,18.752213,18.891689,18.687206,18.716845,95713418
10/10/2012,18.477243,18.618464,18.388327,18.544491,81901842
10/9/2012,18.92083,18.961926,18.493931,18.532785,120578269
10/8/2012,18.953957,19.018215,18.783344,18.875252,78637653
10/5/2012,19.195799,19.287207,19.053831,19.119585,109846193
10/4/2012,18.997543,19.175377,18.914104,19.129547,98535958
10/3/2012,18.822449,19.026684,18.734777,18.991316,88663090
10/2/2012,19.058563,19.078239,18.686708,18.85408,112026334
10/1/2012,18.905388,19.053581,18.834654,18.973383,127194978
9/28/2012,18.783344,18.911615,18.708626,18.792063,111757330
9/27/2012,18.927805,18.999784,18.721079,18.841875,157833389
9/26/2012,18.676247,18.959934,18.455824,18.766159,227766537
9/25/2012,18.755947,19.050842,18.6217,18.659061,243248350
9/24/2012,18.206757,18.680979,18.188078,18.664541,143086320
9/21/2012,18.236895,18.304392,18.184839,18.281227,255317419
9/20/2012,18.044115,18.216221,17.963169,18.135025,116731906
9/19/2012,17.870518,18.145985,17.843369,18.119583,124396528
9/18/2012,17.628424,17.899408,17.603518,17.889944,82981875
9/17/2012,17.636644,17.755447,17.559183,17.68322,60558139
9/14/2012,17.673754,17.758436,17.609245,17.675747,105132591
9/13/2012,17.262547,17.65881,17.199034,17.585087,106758663
9/12/2012,17.170889,17.307877,16.958435,17.207502,106088160
9/11/2012,17.383841,17.45084,17.210491,17.240129,75232938
9/10/2012,17.677738,17.753704,17.39455,17.453829,102783820
9/7/2012,17.43465,17.739758,17.376617,17.587828,129804723
9/6/2012,17.084961,17.431911,17.054325,17.419706,122196311
9/5/2012,16.936518,17.098412,16.915098,16.954451,68584110
9/4/2012,17.049843,17.06105,16.774626,16.962421,75867307
8/31/2012,17.036144,17.150217,16.937513,17.063293,85402916
8/30/2012,17.042122,17.120579,16.941002,16.978361,65319921
8/29/2012,16.871014,17.160429,16.840628,17.136021,120060335
8/28/2012,16.562918,16.877239,16.556442,16.868025,82652646
8/27/2012,16.512856,16.737265,16.419456,16.668024,104939872
8/24/2012,16.826929,16.947725,16.78907,16.902395,57277890
8/23/2012,16.793802,16.948473,16.712358,16.856817,71635505
8/22/2012,16.622196,16.951462,16.605259,16.866282,76654246
8/21/2012,16.764912,16.886703,16.492432,16.675247,89221174
8/20/2012,16.824438,16.908373,16.753702,16.825434,70587592
8/17/2012,16.790068,16.868025,16.729794,16.865286,87434502
8/16/2012,16.625435,16.803019,16.614723,16.758932,68965534
8/15/2012,16.694426,16.793304,16.540503,16.626181,96789436
8/14/2012,16.419704,16.758434,16.413479,16.654076,147016998
8/13/2012,16.125059,16.442122,16.106628,16.438635,131205956
8/10/2012,15.905134,15.996043,15.843863,15.990065,57599089
8/9/2012,16.052582,16.098907,15.97811,15.998783,42972470
8/8/2012,15.916591,16.086454,15.902892,15.995794,53086237
8/7/2012,15.984835,16.046354,15.852332,15.953702,79569131
8/6/2012,15.930538,16.173876,15.920825,16.010489,71563235
8/3/2012,15.940252,16.032906,15.844112,15.973378,76168432
8/2/2012,15.579355,15.891186,15.527051,15.660052,79404516
8/1/2012,15.873004,15.928048,15.725557,15.757935,74060561
7/31/2012,15.647848,15.853079,15.646852,15.765158,74903709
7/30/2012,15.841871,16.005009,15.678732,15.748471,87795852
7/27/2012,15.414473,15.815719,15.379853,15.814723,142520206
7/26/2012,15.317586,15.364161,15.1938,15.276739,67660662
7/25/2012,15.15121,15.277237,15.077735,15.14299,73193322
7/24/2012,15.317586,15.390562,15.052081,15.13253,80677269
7/23/2012,14.955941,15.401023,14.9004,15.330288,143002005
7/20/2012,15.162168,15.266278,14.898656,15.213476,259517101
7/19/2012,14.59878,14.906128,14.595293,14.771134,187688877
7/18/2012,14.370635,14.537759,14.349465,14.464782,62160121
7/17/2012,14.40675,14.462541,14.156936,14.364409,67455897
7/16/2012,14.355442,14.425679,14.241121,14.319328,58723287
7/13/2012,14.250336,14.424683,14.160672,14.359178,79336261
7/12/2012,14.125056,14.244857,13.999775,14.208742,92738308
7/11/2012,14.353699,14.392304,14.070759,14.226426,140496649
7/10/2012,14.699652,14.755443,14.414471,14.488195,77212330
7/9/2012,14.569141,14.660051,14.476987,14.595542,68861145
7/6/2012,14.755941,14.782591,14.51609,14.594795,86796118
7/5/2012,14.664036,14.945481,14.658556,14.842367,94187720
7/3/2012,14.446102,14.655318,14.39604,14.640872,47758342
7/2/2012,14.491183,14.520573,14.35868,14.45756,66468209
6/29/2012,14.320324,14.449091,14.251582,14.447597,101157748
6/28/2012,14.09467,14.102889,13.878231,14.055068,77124000
6/27/2012,14.139502,14.296164,14.097659,14.179352,67945726
6/26/2012,14.016463,14.112104,13.934769,14.064284,54210435
6/25/2012,14.130286,14.149215,13.881718,13.965155,63501129
6/22/2012,14.146974,14.233649,14.092677,14.233649,89450029
6/21/2012,14.441868,14.441868,14.040622,14.077484,80753554
6/20/2012,14.441121,14.445853,14.284209,14.383836,94219840
6/19/2012,14.286202,14.552454,14.274496,14.483961,83359284
6/18/2012,14.012976,14.301644,13.929041,14.217958,100250360
6/15/2012,13.956189,14.060299,13.875242,14.060049,120497969
6/14/2012,13.980099,14.073997,13.861045,13.924059,94147570
6/13/2012,13.99056,14.122067,13.914844,13.974869,78460993
6/12/2012,14.191058,14.204259,13.912353,14.074744,129451404
6/11/2012,14.55071,14.578357,14.114346,14.159427,106842978
6/8/2012,14.342491,14.47076,14.310859,14.457061,56627461
6/7/2012,14.635144,14.642367,14.37736,14.401769,70603652
6/6/2012,14.358182,14.494919,14.2867,14.46005,84146223
6/5/2012,14.332528,14.399278,14.108867,14.206999,93946821
6/4/2012,14.202266,14.458058,14.197036,14.410735,97672734
6/1/2012,14.24137,14.26279,14.155691,14.221195,122774470
5/31/2012,14.663039,14.69492,14.420947,14.467273,119177037
5/30/2012,14.649092,14.742242,14.533774,14.650835,76553871
5/29/2012,14.839627,14.922317,14.653077,14.803015,104618672
5/25/2012,14.968893,14.987075,14.65208,14.733027,143813034
5/24/2012,15.172131,15.240873,14.915842,15.035145,75935562
5/23/2012,14.985082,15.18309,14.872255,15.179603,127600492
5/22/2012,15.278732,15.287947,14.84436,14.963912,122533571
5/21/2012,14.956689,15.334772,14.943986,15.295419,123477094
5/18/2012,15.569143,15.75146,14.861794,14.953949,239835606
5/17/2012,15.786578,15.886703,15.472754,15.518084,134654835
5/16/2012,15.39131,15.693676,15.340998,15.664535,194128926
5/15/2012,15.077237,15.317586,15.037386,15.220699,84399167
5/14/2012,14.963413,15.155693,14.958432,15.043613,73249532
5/11/2012,15.20177,15.306378,15.062791,15.074248,84290763
5/10/2012,15.266776,15.347225,15.198781,15.284211,61666277
5/9/2012,15.11385,15.351957,14.989067,15.171882,93501157
5/8/2012,15.08172,15.364909,14.961421,15.262542,107493407
5/7/2012,14.819453,15.207249,14.819453,15.132031,80079035
5/4/2012,15.091434,15.1405,14.864534,14.868519,88626955
5/3/2012,15.183588,15.313352,15.166901,15.218457,75000069
5/2/2012,14.973874,15.145979,14.959179,15.124809,64701612
5/1/2012,15.038382,15.232903,14.948719,15.054323,80392204
4/30/2012,15.267524,15.344485,14.959179,15.064783,96652926
4/27/2012,15.318084,15.360923,15.207997,15.317088,65701345
4/26/2012,15.215718,15.392306,15.185581,15.329292,84013728
4/25/2012,15.043613,15.226677,15.015717,15.186079,73117037
4/24/2012,14.900151,15.109117,14.877236,14.975618,77453230
4/23/2012,14.767149,14.905381,14.699901,14.88421,88241516
4/20/2012,15.04984,15.16441,14.840126,14.845854,122794545
4/19/2012,15.085705,15.348968,14.91908,14.926552,132277959
4/18/2012,15.144485,15.262791,15.013974,15.129541,107180238
4/17/2012,15.157187,15.384585,15.118582,15.182343,121409373
4/16/2012,15.516839,15.537013,14.985331,15.09517,228537416
4/13/2012,16.128298,16.164164,15.530289,15.55669,327595322
4/12/2012,15.998783,16.267525,15.946728,16.214474,231127086
4/11/2012,15.790065,15.840625,15.723564,15.839629,88289696
4/10/2012,15.778857,15.803265,15.555444,15.612979,99652126
4/9/2012,15.653327,15.823938,15.573875,15.712107,87635252
4/5/2012,15.746976,15.851335,15.655569,15.748969,93095642
4/4/2012,15.901647,15.915345,15.718583,15.819455,65348026
4/3/2012,16.074997,16.13826,15.906379,16.005507,82102591
4/2/2012,15.95943,16.127052,15.811734,16.112606,91710470
3/30/2012,16.232904,16.276243,15.965159,15.971136,92774443
3/29/2012,16.274998,16.353453,16.047352,16.149717,77260510
3/28/2012,16.23988,16.403267,16.216219,16.332781,101936657
3/27/2012,16.115347,16.276491,16.059805,16.115097,80588939
3/26/2012,16.064785,16.176617,15.928795,16.17263,73040752
3/23/2012,16.104635,16.151958,15.962668,16.004761,77898894
3/22/2012,15.902892,16.15943,15.716092,16.090937,96769361
3/21/2012,15.806005,16.124311,15.753701,15.939754,99154267
3/20/2012,15.7141,15.84212,15.62319,15.77811,61850967
3/19/2012,15.519828,15.872257,15.473003,15.790314,87237768
3/16/2012,15.464286,15.589317,15.443364,15.567649,122477361
3/15/2012,15.357437,15.529292,15.313352,15.470264,97769094
3/14/2012,15.317586,15.51136,15.27923,15.342244,117916329
3/13/2012,15.161919,15.38857,15.082218,15.386826,90168712
3/12/2012,14.943986,15.118333,14.925555,15.072255,67010233
3/9/2012,15.141994,15.240375,14.943986,14.950213,107224403
3/8/2012,15.194049,15.230413,15.102143,15.12182,54021731
3/7/2012,15.169391,15.222692,15.089939,15.113351,50769586
3/6/2012,15.144485,15.163414,14.790561,15.067523,127451937
3/5/2012,15.452829,15.504137,15.227424,15.298906,63970883
3/2/2012,15.491932,15.541746,15.450089,15.473252,63167885
3/1/2012,15.498408,15.584087,15.396042,15.501895,89843498
2/29/2012,15.40725,15.581596,15.330039,15.398533,125946315
2/28/2012,15.193053,15.436391,15.135269,15.402019,114330940
2/27/2012,15.108121,15.251832,15.070014,15.175867,72827958
2/24/2012,15.12705,15.234149,15.081222,15.190562,77714204
2/23/2012,15.118333,15.141745,14.952704,15.096166,82508106
2/22/2012,15.24187,15.36192,15.11111,15.141745,78974912
2/21/2012,15.040375,15.389317,15.015717,15.292679,99603946
2/17/2012,15.067772,15.134024,15.003762,15.059553,98331193
2/16/2012,15.014223,15.163414,14.887448,15.106378,101615457
2/15/2012,15.266029,15.266029,15.007747,15.082467,97399715
2/14/2012,15.231409,15.242866,15.062542,15.187075,72418428
2/13/2012,15.205506,15.288694,15.193551,15.247847,72924318
2/10/2012,15.140251,15.146477,15.043613,15.091185,93356617
2/9/2012,15.243364,15.305133,15.168146,15.229416,90927546
2/8/2012,15.15918,15.226677,15.062044,15.189317,73731331
2/7/2012,15.122069,15.17786,15.037635,15.112604,83997668
2/6/2012,14.819702,15.213725,14.794795,15.170388,147735682
2/3/2012,14.711358,14.87101,14.646352,14.852579,127215053
2/2/2012,14.567149,14.605505,14.497659,14.573126,96950036
2/1/2012,14.568892,14.58284,14.424434,14.466526,93175942
1/31/2012,14.520573,14.54548,14.325056,14.448593,86017210
1/30/2012,14.397285,14.445853,14.28147,14.388319,93569411
1/27/2012,14.216214,14.453824,14.1801,14.445355,145242371
1/26/2012,14.246102,14.308369,14.061046,14.149464,129531704
1/25/2012,14.383836,14.413724,14.106625,14.184085,200255805
1/24/2012,14.603263,14.637136,14.39604,14.469017,122690156
1/23/2012,14.595293,14.661545,14.524558,14.583338,137027695
1/20/2012,14.70812,14.719826,14.488195,14.595044,424637703
1/19/2012,15.96491,15.96491,15.727549,15.929542,253157352
1/18/2012,15.60725,15.790812,15.494921,15.763664,110882061
1/17/2012,15.740501,15.740501,15.583589,15.655818,76658261
1/13/2012,15.598035,15.61522,15.46852,15.566403,92637933
1/12/2012,15.721572,15.763166,15.604012,15.682219,75289148
1/11/2012,15.529292,15.675993,15.470015,15.590563,96359832
1/10/2012,15.684959,15.785831,15.365158,15.520326,176483032
1/9/2012,16.102144,16.114599,15.472754,15.503389,233776981
1/6/2012,16.417213,16.438385,16.184088,16.189817,108119746
1/5/2012,16.491436,16.537264,16.344486,16.413727,131808205
1/4/2012,16.563665,16.693678,16.453827,16.644611,114989399
1/3/2012,16.262545,16.641375,16.248346,16.57313,147611217
12/30/2011,15.990563,16.108622,15.990563,16.0872,71559220
12/29/2011,15.977363,16.014973,15.8207,16.000029,63252199
12/28/2011,16.008745,16.064785,15.892929,15.93278,85406931
12/27/2011,15.742244,16.052082,15.740999,15.946479,64496847
12/23/2011,15.740999,15.807749,15.705133,15.769392,58365953
12/22/2011,15.640127,15.734274,15.616715,15.683714,73165217
12/21/2011,15.691435,15.736516,15.416216,15.587076,100290510
12/20/2011,15.641372,15.737014,15.641123,15.700401,95886062
12/19/2011,15.641621,15.653826,15.442119,15.487698,86061375
12/16/2011,15.549716,15.674249,15.478732,15.590563,179040582
12/15/2011,15.504884,15.541746,15.409491,15.430662,96705121
12/14/2011,15.488196,15.549716,15.25507,15.394049,156733281
12/13/2011,15.660301,15.854573,15.513103,15.582344,161731947
12/12/2011,15.488944,15.596042,15.449342,15.576366,87683432
12/9/2011,15.392306,15.669517,15.367648,15.626926,111062736
12/8/2011,15.468022,15.627674,15.325058,15.343738,96885796
12/7/2011,15.483962,15.583091,15.394797,15.526553,90630437
12/6/2011,15.51659,15.656814,15.448097,15.536017,93408812
12/5/2011,15.632406,15.738508,15.501895,15.582842,128379401
12/2/2011,15.368645,15.541746,15.348968,15.451086,164040568
12/1/2011,14.943986,15.342493,14.91908,15.286951,145366836
11/30/2011,14.892928,14.931782,14.746975,14.928793,136389312
11/29/2011,14.642118,14.703886,14.478979,14.51883,73546641
11/28/2011,14.430162,14.66553,14.35868,14.649839,113580136
11/25/2011,14.076986,14.303138,13.980846,14.02244,62730250
11/23/2011,14.330038,14.45208,14.199527,14.199527,93380707
11/22/2011,14.445853,14.569639,14.327298,14.445853,96572626
11/21/2011,14.639129,14.65756,14.248842,14.469266,120501984
11/18/2011,14.9938,15.056066,14.78832,14.816464,132000924
11/17/2011,15.194298,15.250089,14.863787,14.965655,140255750
11/16/2011,15.244859,15.399778,15.208246,15.229665,104731092
11/15/2011,15.262791,15.394298,15.205506,15.35644,107441212
11/14/2011,15.143239,15.394298,15.13776,15.267773,128026081
11/11/2011,14.976365,15.245108,14.909117,15.151957,159676271
11/10/2011,15.091683,15.092181,14.733774,14.821446,115166059
11/9/2011,15.050089,15.17786,14.910611,14.967648,148996390
11/8/2011,15.168146,15.301895,15.03365,15.251334,121630197
11/7/2011,14.77761,15.162667,14.750462,15.151459,134799374
11/4/2011,14.782093,14.937511,14.755443,14.847847,113817021
11/3/2011,14.6202,14.88172,14.538506,14.88172,107192283
11/2/2011,14.567896,14.64411,14.457809,14.565903,85153986
11/1/2011,14.448344,14.583089,14.364907,14.412229,125472546
10/31/2011,14.821695,14.936265,14.736514,14.760673,102695490
10/28/2011,14.807498,15.001272,14.800773,14.947473,100696024
10/27/2011,14.904634,15.011234,14.777112,14.91086,151778780
10/26/2011,14.683712,14.699403,14.26802,14.603014,115354763
10/25/2011,14.77213,14.819453,14.516837,14.524558,102000897
10/24/2011,14.613226,14.943239,14.607747,14.85482,137589795
10/21/2011,14.682716,14.763413,14.612728,14.707124,136148412
10/20/2011,14.493176,14.667273,14.433649,14.537261,135666613
10/19/2011,14.628668,14.746228,14.426426,14.463288,117699519
10/18/2011,14.450586,14.758681,14.381096,14.707622,152601853
10/17/2011,14.538506,14.740499,14.39604,14.505878,160928949
10/14/2011,14.930786,14.934024,14.634397,14.736763,342474886
10/13/2011,13.699401,13.922814,13.649339,13.922565,228356741
10/12/2011,13.652079,13.828916,13.564905,13.661294,127588447
10/11/2011,13.286698,13.618953,13.286698,13.528791,114563810
10/10/2011,13.080471,13.386574,13.031156,13.379102,93236167
10/7/2011,12.872501,12.963908,12.70986,12.82991,114664185
10/6/2011,12.640122,12.83265,12.518079,12.819699,137485405
10/5/2011,12.362413,12.647594,11.974367,12.570383,182043797
10/4/2011,12.205003,12.539001,11.970133,12.500645,166975528
10/3/2011,12.698652,12.752202,12.328789,12.34174,179646846
9/30/2011,12.956685,13.051081,12.811479,12.827918,109352349
9/29/2011,13.350957,13.38234,12.93676,13.138255,116699786
9/28/2011,13.486948,13.549712,13.143236,13.171629,90871336
9/27/2011,13.404756,13.625179,13.351206,13.433149,120887424
9/26/2011,13.132028,13.273498,12.783335,13.247595,105762945
9/23/2011,12.865776,13.111355,12.814468,13.08869,111508400
9/22/2011,13.107121,13.170135,12.802015,12.967893,176671736
9/21/2011,13.64112,13.823187,13.421194,13.429662,100948969
9/20/2011,13.68371,13.910859,13.516088,13.614719,111580670
9/19/2011,13.458305,13.696163,13.334519,13.615715,99106087
9/16/2011,13.56914,13.619949,13.527795,13.615964,141901897
9/15/2011,13.337508,13.573623,13.314096,13.513349,118875912
9/14/2011,13.265029,13.373622,13.096411,13.252078,108179971
9/13/2011,13.250334,13.297159,13.036137,13.188566,94520965
9/12/2011,12.900645,13.250085,12.889188,13.20351,107216373
9/9/2011,13.235391,13.316337,12.981094,13.072252,131242091
9/8/2011,13.295166,13.427172,13.247844,13.324058,95576908
9/7/2011,13.211729,13.348467,13.135764,13.300895,110645177
9/6/2011,12.722314,13.020197,12.714842,13.005751,109039179
9/2/2011,13.062787,13.148715,12.969637,13.072003,96408011
9/1/2011,13.468268,13.54498,13.230907,13.262788,96982155
8/31/2011,13.567645,13.606499,13.349961,13.473498,108135806
8/30/2011,13.404507,13.524059,13.220696,13.467022,120008140
8/29/2011,13.314096,13.435889,13.289189,13.426674,93782206
8/26/2011,12.951206,13.211729,12.780595,13.122314,144391193
8/25/2011,13.209986,13.381593,12.909113,12.952451,132213719
8/24/2011,12.934767,13.200521,12.882463,13.033398,144318923
8/23/2011,12.540495,12.986573,12.42991,12.922065,174523715
8/22/2011,12.552948,12.627668,12.317083,12.407743,196971541
8/19/2011,12.436884,12.823684,12.225675,12.22717,217211120
8/18/2011,13.037881,13.073248,12.465526,12.574866,252571164
8/17/2011,13.450335,13.541493,13.219699,13.278977,163775579
8/16/2011,13.759177,13.759426,13.207993,13.424681,278616423
8/15/2011,13.784084,14.072005,13.600273,13.878729,286867234
8/12/2011,14.184334,14.20924,13.957683,14.041619,126644924
8/11/2011,13.793797,14.159427,13.659053,14.000772,193948251
8/10/2011,13.982092,14.050336,13.642116,13.673997,215589063
8/9/2011,13.972627,14.311607,13.474743,14.281719,259758001
8/8/2011,14.021942,14.17188,13.557932,13.599526,300987964
8/5/2011,14.509116,14.69492,13.997534,14.421943,238052949
8/4/2011,14.807,14.915344,14.38284,14.384085,197320845
8/3/2011,14.801271,15.018706,14.536265,14.973127,153601587
8/2/2011,15.093426,15.184834,14.734023,14.754696,128503865
8/1/2011,15.223439,15.330039,14.923563,15.112604,159238637
7/29/2011,15.049341,15.31659,15.035892,15.035892,166116320
7/28/2011,15.073252,15.341994,15.018706,15.216465,124802042
7/27/2011,15.371882,15.46578,15.062293,15.123812,157965884
7/26/2011,15.393551,15.628919,15.372879,15.504884,94067271
7/25/2011,15.276739,15.576864,15.267773,15.416714,125733520
7/22/2011,15.078233,15.429666,15.050338,15.398034,141656982
7/21/2011,14.795294,15.144734,14.794795,15.118084,139300182
7/20/2011,14.998283,15.014472,14.82817,14.82817,89446014
7/19/2011,14.847847,15.060549,14.832654,15.007498,119144917
7/18/2011,14.756937,14.995045,14.744733,14.817959,179401931
7/15/2011,14.88172,14.950213,14.649092,14.884708,551342851
7/14/2011,13.42767,13.499401,13.119076,13.17412,266976958
7/13/2011,13.374868,13.549214,13.361916,13.40625,112026334
7/12/2011,13.154693,13.435142,13.100895,13.300397,114073981
7/11/2011,13.155191,13.349463,13.088441,13.132775,113997696
7/8/2011,13.273996,13.391057,13.132526,13.250085,191523195
7/7/2011,13.474494,13.715591,13.346972,13.613971,158010049
7/6/2011,13.287694,13.412477,13.276237,13.334021,108228151
7/5/2011,13.08346,13.335017,13.08346,13.261293,154545110
7/1/2011,12.621193,12.980845,12.612226,12.977109,146013250
6/30/2011,12.502886,12.619449,12.490682,12.612226,97500090
6/29/2011,12.367145,12.459549,12.263533,12.392799,94071286
6/28/2011,12.055314,12.358926,12.055314,12.295165,109011074
6/27/2011,11.805749,12.164405,11.795786,12.024928,138304463
6/24/2011,11.972126,11.973869,11.781341,11.827667,152794573
6/23/2011,12.00824,12.026422,11.799024,11.960668,192787918
6/22/2011,12.24037,12.262786,12.122811,12.129785,96644896
6/21/2011,12.134268,12.302388,12.072997,12.278975,111030616
6/20/2011,12.079722,12.110357,11.936011,12.069261,121598077
6/17/2011,12.607245,12.619947,12.074741,12.08022,210602442
6/16/2011,12.52331,12.616959,12.370383,12.462537,110693357
6/15/2011,12.578602,12.661292,12.468515,12.526796,83242849
6/14/2011,12.656311,12.804007,12.627419,12.661791,94011061
6/13/2011,12.702388,12.70737,12.507369,12.57113,97455925
6/10/2011,12.804007,12.869014,12.684705,12.690184,97961814
6/9/2011,12.951455,12.951455,12.842862,12.87001,67817246
6/8/2011,12.865029,12.982339,12.846349,12.930782,66383894
6/7/2011,13.023435,13.066773,12.926299,12.927295,76590006
6/6/2011,13.039624,13.121318,12.932775,12.977856,77975179
6/3/2011,13.001268,13.140745,12.988815,13.028167,70202152
6/2/2011,13.139998,13.207993,13.013223,13.152202,88510520
6/1/2011,13.151704,13.280222,13.083709,13.090932,118679178
5/31/2011,13.075988,13.17686,13.038628,13.176113,107894906
5/27/2011,12.913597,12.996038,12.8593,12.973871,70093747
5/26/2011,12.894169,13.004257,12.826922,12.904879,85057626
5/25/2011,12.884954,13.020446,12.882961,12.943236,52259149
5/24/2011,12.96067,13.050085,12.905377,12.908117,76284867
5/23/2011,12.866772,12.951455,12.787071,12.911355,92344839
5/20/2011,13.245353,13.250085,13.029413,13.051829,93047462
5/19/2011,13.268516,13.363411,13.193547,13.231655,99118132
5/18/2011,13.189064,13.20874,13.093423,13.195789,78420843
5/17/2011,12.837631,13.230907,12.827669,13.211978,132639308
5/16/2011,13.108616,13.132526,12.861791,12.912102,118771522
5/13/2011,13.315341,13.347969,13.17686,13.189313,84664157
5/12/2011,13.331032,13.373373,13.223186,13.3263,58149143
5/11/2011,13.453075,13.538006,13.292427,13.336262,93902656
5/10/2011,13.449588,13.559924,13.388317,13.515839,82022292
5/9/2011,13.325054,13.411979,13.227919,13.391804,78240168
5/6/2011,13.40351,13.485951,13.329538,13.332526,82552271
5/5/2011,13.296661,13.435142,13.237881,13.306873,80211530
5/4/2011,13.329289,13.424681,13.275739,13.344731,84997401
5/3/2011,13.378106,13.49965,13.191306,13.297408,83572079
5/2/2011,13.591556,13.592303,13.377857,13.413722,85667905
4/29/2011,13.449588,13.551705,13.412477,13.551705,169773978
4/28/2011,13.401269,13.430908,13.30214,13.399027,80299860
4/27/2011,13.399774,13.402514,13.308865,13.393797,92280599
4/26/2011,13.113846,13.385827,13.081218,13.270758,140524754
4/25/2011,13.082215,13.125801,13.001517,13.077233,65476506
4/21/2011,13.138006,13.157682,13.010982,13.078479,99174342
4/20/2011,13.098404,13.121318,12.986075,13.09417,122858785
4/19/2011,13.199276,13.222439,12.973871,12.989562,107766427
4/18/2011,13.111355,13.14224,12.926548,13.121816,202347616
4/15/2011,13.581344,13.592801,13.202016,13.217956,563853569
4/14/2011,14.326052,14.432155,14.249091,14.408742,219070062
4/13/2011,14.334023,14.386077,14.240374,14.353201,83086265
4/12/2011,14.32132,14.368892,14.148219,14.21198,83736694
4/11/2011,14.351208,14.398531,14.271507,14.380349,74606600
4/8/2011,14.567647,14.567647,14.397535,14.400025,76357137
4/7/2011,14.339502,14.461794,14.301146,14.445853,101639547
4/6/2011,14.251083,14.325305,14.146974,14.300897,107132058
4/5/2011,14.472753,14.482964,14.08919,14.174122,242806701
4/4/2011,14.76964,14.812977,14.523064,14.637136,82488031
4/1/2011,14.664036,14.824185,14.664036,14.739752,104919797
3/31/2011,14.520573,14.649092,14.489191,14.614222,81480268
3/30/2011,14.554944,14.58284,14.460299,14.491682,57105245
3/29/2011,14.346227,14.492927,14.271756,14.488942,64432607
3/28/2011,14.49741,14.570138,14.314097,14.330287,89068604
3/25/2011,14.617211,14.617958,14.426924,14.439378,114764559
3/24/2011,14.581096,14.65482,14.415965,14.61746,84262658
3/23/2011,14.326052,14.506875,14.2466,14.499652,72920303
3/22/2011,14.377858,14.426675,14.259303,14.379104,75758903
3/21/2011,14.202266,14.440872,14.172378,14.35868,121288923
3/18/2011,14.063287,14.146725,13.941245,13.974122,132438559
3/17/2011,14.059302,14.17188,13.96117,13.981594,116406692
3/16/2011,14.147223,14.191557,13.730535,13.875491,152509508
3/15/2011,13.885454,14.221694,13.835641,14.185828,160824559
3/14/2011,14.266526,14.403263,14.147472,14.196538,113066217
3/11/2011,14.40152,14.445853,14.279726,14.363911,121734587
3/10/2011,14.581346,14.610735,14.432155,14.453325,125592995
3/9/2011,14.719826,14.807249,14.589067,14.739005,86362499
3/8/2011,14.767896,14.893675,14.699901,14.752454,91738575
3/7/2011,14.957685,15.035892,14.6202,14.736265,139027162
3/4/2011,15.151459,15.167648,14.948968,14.959428,120891439
3/3/2011,15.102891,15.230164,15.068519,15.182094,78103658
3/2/2011,14.939005,15.093426,14.824185,14.963663,81371863
3/1/2011,15.386826,15.422692,14.926552,14.962915,133426247
2/28/2011,15.193053,15.354697,15.143488,15.277735,91602065
2/25/2011,15.239379,15.310612,15.180599,15.194049,77585724
2/24/2011,15.227673,15.270014,14.97761,15.163663,108874565
2/23/2011,15.201272,15.310114,15.043613,15.225929,116017237
2/22/2011,15.442866,15.564909,15.137511,15.198283,146141730
2/18/2011,15.591559,15.720575,15.546229,15.693178,129198459
2/17/2011,15.473252,15.622692,15.449093,15.573128,59373716
2/16/2011,15.582344,15.604012,15.494423,15.547225,67612482
2/15/2011,15.624436,15.693427,15.51933,15.545482,83993653
2/14/2011,15.525307,15.682219,15.443115,15.645108,85439051
2/11/2011,15.287449,15.566652,15.267773,15.554199,103984303
2/10/2011,15.290189,15.379853,15.231907,15.353451,93725996
2/9/2011,15.364161,15.42842,15.251334,15.354946,73976246
2/8/2011,15.315842,15.432904,15.305382,15.40177,68050116
2/7/2011,15.197038,15.402019,15.173376,15.299902,72253814
2/4/2011,15.196789,15.228918,15.108619,15.217461,62264511
2/3/2011,15.180101,15.229167,15.096664,15.196789,60028160
2/2/2011,15.217959,15.301148,15.131533,15.242866,70691981
2/1/2011,15.055817,15.27649,15.021446,15.218956,110223602
1/31/2011,15.03365,15.055319,14.833152,14.952953,112616538
1/28/2011,15.418956,15.451086,14.938009,14.968644,169878368
1/27/2011,15.389566,15.434647,15.273999,15.362169,81070738
1/26/2011,15.450338,15.504137,15.32456,15.354946,81829572
1/25/2011,15.148221,15.459305,15.106378,15.439878,146418764
1/24/2011,15.13253,15.25507,14.974621,15.219952,184657557
1/21/2011,15.929791,15.983341,15.226926,15.238632,357511035
1/20/2011,15.746229,15.792805,15.524062,15.610737,220254485
1/19/2011,15.993054,16.013975,15.682717,15.734772,136754676
1/18/2011,15.593053,15.989816,15.573377,15.931037,145222296
1/14/2011,15.377362,15.548471,15.369392,15.546229,94978674
1/13/2011,15.366652,15.4339,15.296664,15.359678,53560006
1/12/2011,15.42593,15.42593,15.311857,15.364161,65552790
1/11/2011,15.385083,15.412231,15.305133,15.342742,57787794
1/10/2011,15.312605,15.3273,15.157187,15.29791,63404769
1/7/2011,15.340251,15.398533,15.196291,15.353451,84363033
1/6/2011,15.209989,15.403016,15.194298,15.280226,82620526
1/5/2011,14.94573,15.201272,14.945232,15.16989,101671667
1/4/2011,15.083962,15.097909,14.946975,14.996788,73253547
1/3/2011,14.856315,15.083214,14.856315,15.05233,94962614
12/30/2010,14.894173,14.977112,14.87898,14.915593,39728356
12/29/2010,14.9938,15.004011,14.917087,14.968893,40920808
12/28/2010,14.995045,15.040375,14.894422,14.917087,42751645
12/27/2010,15.01223,15.038133,14.931533,15.003264,48505130
12/23/2010,15.076988,15.093426,14.994547,15.049341,44598542
12/22/2010,15.043613,15.118333,15.02568,15.080724,48481040
12/21/2010,14.90837,15.061546,14.884459,15.02045,75461793
12/20/2010,14.810736,14.891184,14.661545,14.820947,79227857
12/17/2010,14.719826,14.758681,14.636887,14.714845,123946848
12/16/2010,14.765904,14.788818,14.64685,14.73751,64115423
12/15/2010,14.799528,14.855568,14.673749,14.702392,87033003
12/14/2010,14.871508,14.901396,14.756688,14.817211,65978380
12/13/2010,14.872255,15.018706,14.796788,14.809989,96299607
12/10/2010,14.773127,14.794297,14.702143,14.749964,68443585
12/9/2010,14.791558,14.833899,14.670013,14.73228,75036204
12/8/2010,14.743986,14.757685,14.537759,14.708369,70539412
12/7/2010,14.726551,14.76964,14.595293,14.623687,122144116
12/6/2010,14.46005,14.495667,14.36142,14.405006,84065923
12/3/2010,14.183088,14.358182,14.146974,14.271507,105642495
12/2/2010,14.163412,14.279726,14.080971,14.242117,102298006
12/1/2010,14.02244,14.23589,14.007496,14.056064,150726852
11/30/2010,14.304384,14.304384,13.781095,13.840871,285763111
11/29/2010,14.674247,14.689939,14.444608,14.498406,114816754
11/26/2010,14.706377,14.769142,14.6202,14.69492,52640573
11/24/2010,14.627921,14.859304,14.621445,14.818706,96215292
11/23/2010,14.620449,14.670262,14.401021,14.520822,86828238
11/22/2010,14.631906,14.780599,14.514347,14.725306,87791837
11/19/2010,14.869266,14.891433,14.703388,14.715592,92244464
11/18/2010,14.670013,14.943488,14.659054,14.858307,103988318
11/17/2010,14.570387,14.682467,14.479975,14.534272,98066204
11/16/2010,14.763662,14.891433,14.531781,14.538506,132791878
11/15/2010,15.020699,15.043613,14.795792,14.831159,139677591
11/12/2010,15.29243,15.364909,14.974123,15.025929,136228712
11/11/2010,15.434647,15.438383,15.29791,15.372131,90803081
11/10/2010,15.493925,15.516839,15.380102,15.51385,100254375
11/9/2010,15.691186,15.712356,15.454822,15.562169,89823423
11/8/2010,15.542244,15.678483,15.520077,15.610737,84367048
11/5/2010,15.521322,15.578857,15.469766,15.568645,70892731
11/4/2010,15.557686,15.689193,15.494423,15.548471,143367369
11/3/2010,15.379853,15.487698,15.280226,15.446602,135726838
11/2/2010,15.408993,15.442119,15.307125,15.33253,80203500
11/1/2010,15.335768,15.458558,15.22319,15.317586,123946848
10/29/2010,15.369143,15.417213,15.267524,15.285207,91473585
10/28/2010,15.443364,15.467026,15.275245,15.406752,87699492
10/27/2010,15.336764,15.442119,15.251085,15.354199,90012128
10/26/2010,15.270263,15.472754,15.218707,15.40725,100892759
10/25/2010,15.332281,15.560177,15.316839,15.354946,126809538
10/22/2010,15.240873,15.313103,15.194298,15.256067,90582257
10/21/2010,15.230662,15.342493,15.093426,15.242617,117257870
10/20/2010,15.146726,15.376864,15.130786,15.142741,141532518
10/19/2010,15.16441,15.313103,15.015219,15.139005,184203863
10/18/2010,14.957685,15.434398,14.957685,15.385083,284992232
10/15/2010,14.925804,14.984833,14.73477,14.980101,595214680
10/14/2010,13.553697,13.580348,13.377607,13.472751,266358649
10/13/2010,13.623934,13.636138,13.50762,13.53178,122682126
10/12/2010,13.452576,13.598778,13.394544,13.484208,150706777
10/11/2010,13.41173,13.564158,13.379102,13.420696,105445761
10/8/2010,13.269513,13.389812,13.141243,13.358678,114796679
10/7/2010,13.355191,13.379849,13.179101,13.20077,96191202
10/6/2010,13.431157,13.448342,13.199027,13.308865,110906151
10/5/2010,13.160172,13.449588,13.114593,13.405503,140809819
10/4/2010,13.074743,13.156935,12.922812,13.009985,77910939
10/1/2010,13.200521,13.215963,13.026175,13.09143,89333594
9/30/2010,13.1796,13.247097,12.924556,13.095664,130250387
9/29/2010,13.146972,13.273747,13.068765,13.142987,87213678
9/28/2010,13.287196,13.289936,12.912849,13.130035,146735949
9/27/2010,13.171879,13.371132,13.171879,13.210733,124761892
9/24/2010,12.994792,13.146474,12.908117,13.133024,134779299
9/23/2010,12.817208,12.943734,12.734767,12.789063,93043447
9/22/2010,12.773621,12.896162,12.744231,12.851828,101864387
9/21/2010,12.694418,12.950957,12.67524,12.788565,179321632
9/20/2010,12.266522,12.7126,12.255563,12.659549,176800216
9/17/2010,12.048589,12.234143,11.984579,12.207991,226509844
9/16/2010,11.953944,12.01621,11.940494,11.98159,79075287
9/15/2010,11.953944,12.002263,11.917829,11.971129,96472251
9/14/2010,12.005251,12.073496,11.957182,11.965899,88992319
9/13/2010,11.977605,12.063533,11.943483,12.011727,89996068
9/10/2010,11.930781,11.949959,11.832648,11.859049,79268006
9/9/2010,11.901142,11.965152,11.720568,11.860046,97588419
9/8/2010,11.586322,11.768389,11.569385,11.720568,96432101
9/7/2010,11.569136,11.646098,11.532274,11.566645,68652365
9/3/2010,11.719074,11.752947,11.642362,11.713595,101996882
9/2/2010,11.527791,11.567393,11.464777,11.536259,67620512
9/1/2010,11.332025,11.580095,11.270256,11.465275,129616018
8/31/2010,11.210729,11.329285,11.158176,11.208488,78163883
8/30/2010,11.435885,11.451079,11.268264,11.274989,49440624
8/27/2010,11.271751,11.456807,11.149459,11.427915,92842698
8/26/2010,11.358924,11.388812,11.218949,11.232398,71346425
8/25/2010,11.20799,11.402511,11.20799,11.323058,104072633
8/24/2010,11.399771,11.416458,11.230904,11.24261,110922211
8/23/2010,11.494416,11.662536,11.400518,11.558426,119895720
8/20/2010,11.655562,11.745724,11.482461,11.507368,157291365
8/19/2010,11.980345,12.017705,11.637629,11.655562,157588475
8/18/2010,12.215214,12.225924,11.993794,12.008738,107858771
8/17/2010,12.167643,12.321317,12.105376,12.217207,75911472
8/16/2010,12.046845,12.201018,11.967642,12.094417,52395658
8/13/2010,12.179349,12.233894,12.104878,12.113346,77678069
8/12/2010,12.053321,12.322562,12.017705,12.254318,88514535
8/11/2010,12.396784,12.403509,12.241615,12.247593,89253294
8/10/2010,12.511853,12.602762,12.417705,12.545726,83270954
8/9/2010,12.509362,12.590308,12.487195,12.586572,75168699
8/6/2010,12.587818,12.596286,12.354941,12.458801,133277692
8/5/2010,12.600022,12.667519,12.54199,12.655066,97178890
8/4/2010,12.258552,12.627668,12.230407,12.610732,153071607
8/3/2010,12.216709,12.265526,12.123558,12.200021,72362219
8/2/2010,12.1791,12.285949,12.128041,12.214467,74626675
7/30/2010,11.946472,12.138502,11.933769,12.075986,86085465
7/29/2010,12.103384,12.17636,11.938502,12.079473,107421137
7/28/2010,12.327294,12.335015,12.02169,12.063533,100214225
7/27/2010,12.218701,12.391055,12.20849,12.26976,98415508
7/26/2010,12.18159,12.222935,12.076733,12.178602,80107140
7/23/2010,11.974367,12.21895,11.955438,12.20575,90915501
7/22/2010,12.035637,12.178851,12.016957,12.07499,86230004
7/21/2010,12.054816,12.097157,11.841366,11.892922,131675710
7/20/2010,11.48271,12.02966,11.472,11.994791,162787890
7/19/2010,11.482212,11.697405,11.395288,11.610979,182694226
7/16/2010,11.684205,11.72007,11.445101,11.447343,314165171
7/15/2010,12.247344,12.321317,12.021939,12.30438,195056389
7/14/2010,12.201267,12.299648,12.116086,12.23763,125187481
7/13/2010,12.011229,12.278726,11.962163,12.18433,159648166
7/12/2010,11.765151,11.941241,11.733022,11.851328,133875926
7/9/2010,11.75494,11.787318,11.526297,11.643607,173909421
7/8/2010,11.296408,11.390555,11.199521,11.371377,107156148
7/7/2010,10.916831,11.240119,10.843855,11.212971,125657235
7/6/2010,11.05855,11.149957,10.800268,10.86104,102787835
7/2/2010,10.999272,11.01571,10.859297,10.872995,77730264
7/1/2010,11.090679,11.168139,10.800268,10.946221,141070793
6/30/2010,11.331527,11.403009,11.076483,11.082211,144668227
6/29/2010,11.542735,11.570381,11.235885,11.314092,140609069
6/28/2010,11.770631,11.894168,11.681465,11.757928,70756221
6/25/2010,11.881963,11.896658,11.72007,11.772872,90144622
6/24/2010,11.946721,12.023682,11.787318,11.833146,76027907
6/23/2010,12.126796,12.126796,11.909361,12.006248,81468223
6/22/2010,12.201765,12.368639,12.097904,12.110856,89120799
6/21/2010,12.450831,12.477481,12.076983,12.16839,119787316
6/18/2010,12.515838,12.539748,12.406746,12.454069,115346733
6/17/2010,12.53925,12.599524,12.370881,12.455314,79388456
6/16/2010,12.357929,12.552948,12.356435,12.484953,91915234
6/15/2010,12.031901,12.463285,12.009486,12.40326,171022641
6/14/2010,12.315837,12.316335,12.034641,12.034641,81921917
6/11/2010,12.017456,12.172126,11.995538,12.166895,71535130
6/10/2010,11.964404,12.166895,11.851577,12.129785,103502504
6/9/2010,12.135015,12.17636,11.755936,11.806247,109569158
6/8/2010,12.150706,12.175364,11.893919,12.074243,107806577
6/7/2010,12.42991,12.475987,12.033645,12.092674,145852650
6/4/2010,12.446348,12.683708,12.37113,12.421441,157399770
6/3/2010,12.331528,12.652575,12.321317,12.592799,146575349
6/2/2010,12.121565,12.300644,11.991553,12.288191,102012942
6/1/2010,11.965899,12.230656,11.958178,12.014218,107071833
5/28/2010,12.2725,12.290183,12.029909,12.095413,116226017
5/27/2010,12.078477,12.26179,11.981341,12.215713,112785168
5/26/2010,12.006746,12.198278,11.830656,11.842362,139545096
5/25/2010,11.660045,11.891677,11.556932,11.882213,121148398
5/24/2010,11.973371,12.199025,11.875488,11.884454,174475535
5/21/2010,11.68271,12.079722,11.566645,11.757181,389084940
5/20/2010,12.081466,12.094168,11.800768,11.830905,197268650
5/19/2010,12.360171,12.439374,12.147966,12.314592,138344613
5/18/2010,12.702388,12.726548,12.380345,12.412724,113443627
5/17/2010,12.622189,12.661541,12.412226,12.651828,112170874
5/14/2010,12.69666,12.727046,12.359922,12.640869,165257111
5/13/2010,12.864282,13.001268,12.711604,12.724306,133530637
5/12/2010,12.753198,12.753198,12.503135,12.587569,154649500
5/11/2010,12.843609,12.948466,12.658055,12.678727,133402157
5/10/2010,12.801268,13.021692,12.767146,12.992551,165738910
5/7/2010,12.452575,12.585825,11.988315,12.282462,204322993
5/6/2010,12.671255,12.889686,11.457056,12.420196,200753664
5/5/2010,12.47773,12.844854,12.465028,12.696411,183975008
5/4/2010,13.113846,13.119326,12.558179,12.611977,243963019
5/3/2010,13.113348,13.273249,13.077981,13.215465,74590540
4/30/2010,13.228666,13.391804,13.086947,13.093423,97781139
4/29/2010,13.284457,13.362414,13.117582,13.250334,122814620
4/28/2010,13.252825,13.32082,12.977109,13.180347,136754676
4/27/2010,13.174369,13.407994,13.13153,13.177109,154364435
4/26/2010,13.573374,13.573872,13.180845,13.241368,175407013
4/23/2010,13.630161,13.681718,13.506126,13.573872,83889263
4/22/2010,13.748467,13.760921,13.533025,13.625429,131719875
4/21/2010,13.859551,13.953947,13.752452,13.805753,96018557
4/20/2010,13.802515,13.939252,13.725055,13.824184,119542401
4/19/2010,13.667521,13.798032,13.574121,13.701145,156343827
4/16/2010,14.02244,14.167148,13.689439,13.70239,491254466
4/15/2010,14.748967,14.890188,14.652329,14.826925,271485795
4/14/2010,14.696414,14.753201,14.545729,14.670013,136618166
4/13/2010,14.259801,14.667024,14.224931,14.614471,157078570
4/12/2010,14.130784,14.296414,14.10264,14.264782,94448695
4/9/2010,14.134271,14.166152,14.047347,14.10264,82572346
4/8/2010,14.030411,14.193051,13.948966,14.134271,78191988
4/7/2010,14.129539,14.165654,13.994047,14.03589,103626969
4/6/2010,14.183337,14.218954,14.082216,14.152453,82712870
4/5/2010,14.219203,14.318331,14.17188,14.221943,76345092
4/1/2010,14.230411,14.282715,14.085952,14.166899,84423257
3/31/2010,14.073499,14.190311,14.017708,14.125056,121686407
3/30/2010,14.018206,14.137758,13.954694,14.114844,79412546
3/29/2010,14.02244,14.06528,13.961917,14.008742,124645457
3/26/2010,14.078979,14.131781,13.948219,14.014719,108252241
3/25/2010,13.923312,14.2466,13.914346,14.019452,157825359
3/24/2010,13.586823,13.943985,13.442116,13.88122,263592319
3/23/2010,13.873997,13.905628,13.499401,13.673747,220876809
3/22/2010,13.850834,14.118331,13.805255,13.885454,160792439
3/19/2010,13.947721,14.146974,13.879974,13.947721,192486794
3/18/2010,14.06528,14.157933,14.021444,14.107123,71354455
3/17/2010,14.154446,14.232902,14.053574,14.086201,133362007
3/16/2010,13.9933,14.157434,13.96665,14.077235,137774484
3/15/2010,14.114097,14.183088,13.848094,14.026924,186853758
3/12/2010,14.648593,14.65208,14.424932,14.434396,110548817
3/11/2010,14.302889,14.600524,14.301395,14.474247,169966698
3/10/2010,14.041369,14.408493,14.002764,14.357435,227043838
3/9/2010,13.943985,14.063785,13.860547,13.952453,127540267
3/8/2010,14.066774,14.076737,13.972876,14.009489,95813793
3/5/2010,13.981344,14.138754,13.94523,14.052577,157074555
3/4/2010,13.611481,13.851332,13.604009,13.812976,127829347
3/3/2010,13.508367,13.65183,13.430908,13.582091,124039193
3/2/2010,13.33701,13.590559,13.325303,13.475989,174925214
3/1/2010,13.180596,13.282464,13.144232,13.26752,89851528
2/26/2010,13.136262,13.244108,13.03813,13.12082,82279251
2/25/2010,13.12879,13.162912,12.951455,13.111604,132864148
2/24/2010,13.29965,13.410733,13.213224,13.237134,93412827
2/23/2010,13.524308,13.539999,13.257557,13.326798,115334688
2/22/2010,13.632651,13.636387,13.474494,13.519326,86105539
2/19/2010,13.462788,13.549961,13.442116,13.468517,102506786
2/18/2010,13.388317,13.57437,13.353448,13.529787,93826371
2/17/2010,13.499401,13.53427,13.390061,13.405005,81492313
2/16/2010,13.37163,13.552452,13.30762,13.481966,146723904
2/12/2010,13.274494,13.378604,13.212975,13.27823,91529795
2/11/2010,13.283211,13.461792,13.188068,13.359924,96761331
2/10/2010,13.301891,13.394544,13.142987,13.311356,107380987
2/9/2010,13.438131,13.487695,13.326798,13.36092,113206742
2/8/2010,13.262788,13.499401,13.238628,13.286947,108175956
2/5/2010,13.160671,13.287694,13.012725,13.232651,126713179
2/4/2010,13.374868,13.399774,13.089936,13.120322,135614418
2/3/2010,13.167395,13.501892,13.156436,13.470011,120413655
2/2/2010,13.324058,13.324058,13.140994,13.228417,164462143
2/1/2010,13.315092,13.345229,13.207993,13.275739,90369462
1/29/2010,13.411979,13.474245,13.091181,13.199027,166240784
1/28/2010,13.561418,13.623934,13.215465,13.307371,129648138
1/27/2010,13.481219,13.640123,13.332775,13.501892,159170382
1/26/2010,13.399027,13.688691,13.357184,13.509862,174873019
1/25/2010,13.613722,13.695665,13.337757,13.449588,177458675
1/22/2010,14.0598,14.211731,13.321567,13.698903,273035583
1/21/2010,14.531532,14.615717,14.252827,14.520075,253253712
1/20/2010,14.594795,14.594795,14.328543,14.456065,130515377
1/19/2010,14.475741,14.705381,14.35345,14.635642,173315202
1/15/2010,14.778108,14.783587,14.397036,14.445853,218194794
1/14/2010,14.542989,14.799528,14.515841,14.691184,170239717
1/13/2010,14.358431,14.654571,14.293923,14.622441,260838034
1/12/2010,14.885456,14.898158,14.645107,14.706875,194859654
1/11/2010,15.05507,15.05507,14.795543,14.971633,289597429
1/8/2010,14.744733,15.024933,14.672753,14.994298,189680313
1/7/2010,15.178109,15.193053,14.760922,14.797037,257533695
1/6/2010,15.588072,15.588072,15.102393,15.149715,159744526
1/5/2010,15.620949,15.637387,15.480475,15.541497,120638494
1/4/2010,15.61522,15.678981,15.547723,15.610239,78541293
12/30/2009,15.404759,15.510114,15.392555,15.510114,58843737
12/29/2009,15.560177,15.562667,15.399529,15.427175,57205620
12/28/2009,15.483464,15.59131,15.404261,15.513601,68170566
12/24/2009,15.266029,15.430164,15.249591,15.404261,34476745
12/23/2009,15.03116,15.264535,15.01497,15.234896,83218760
12/22/2009,14.977361,14.981346,14.915344,14.971882,75513988
12/21/2009,14.884459,14.940001,14.836141,14.91111,103233500
12/18/2009,14.845107,14.917336,14.819453,14.85482,141789477
12/17/2009,14.855319,14.885207,14.788569,14.793052,105947635
12/16/2009,14.909117,14.953202,14.8603,14.888195,112797213
12/15/2009,14.777112,14.853824,14.719577,14.773127,91557900
12/14/2009,14.82817,14.876987,14.759926,14.837635,76822876
12/11/2009,14.811483,14.813226,14.638382,14.707622,69057879
12/10/2009,14.705879,14.81223,14.705132,14.73228,66982128
12/9/2009,14.632653,14.678232,14.535019,14.670511,71507025
12/8/2009,14.533027,14.711358,14.495667,14.621445,61188493
12/7/2009,14.55071,14.662292,14.47076,14.60152,65693315
12/4/2009,14.770138,14.815219,14.42543,14.570636,100920864
12/3/2009,14.671009,14.731034,14.570387,14.588818,57362205
12/2/2009,14.719826,14.769889,14.600773,14.632902,66777363
12/1/2009,14.648344,14.725306,14.520573,14.691682,93159882
11/30/2009,14.461545,14.537261,14.373873,14.520573,69262644
11/27/2009,14.2466,14.507124,14.220946,14.439876,55591593
11/25/2009,14.605505,14.621694,14.512852,14.588818,58667077
11/24/2009,14.508618,14.552703,14.359676,14.522815,64448667
11/23/2009,14.358431,14.610237,14.34274,14.504384,102281946
11/20/2009,14.184334,14.236638,14.181843,14.195791,80548789
11/19/2009,14.290685,14.296414,14.196787,14.271258,87045048
11/18/2009,14.362416,14.415467,14.248344,14.362416,62216331
11/17/2009,14.318082,14.383587,14.28944,14.383338,76955370
11/16/2009,14.32132,14.370884,14.266027,14.353201,88297726
11/13/2009,14.179103,14.259303,14.112353,14.247846,66921903
11/12/2009,14.185828,14.269016,14.084707,14.143238,75734813
11/11/2009,14.208742,14.28396,14.093673,14.210735,93135792
11/10/2009,14.015716,14.166401,13.997534,14.116089,89566463
11/9/2009,13.834395,14.01198,13.804009,14.010236,106393299
11/6/2009,13.641867,13.742988,13.586574,13.726051,73341877
11/5/2009,13.536512,13.692926,13.515839,13.66503,74185025
11/4/2009,13.469513,13.586574,13.360422,13.457807,93657741
11/3/2009,13.20077,13.387321,13.15818,13.382091,95564863
11/2/2009,13.37686,13.436138,13.156686,13.299899,128564090
10/30/2009,13.698654,13.702888,13.306125,13.35295,139260032
10/29/2009,13.524557,13.744233,13.474494,13.724806,101282213
10/28/2009,13.645603,13.698654,13.406001,13.45706,103096990
10/27/2009,13.722814,13.812228,13.553199,13.656064,129142249
10/26/2009,13.841867,13.988567,13.720821,13.803511,119261352
10/23/2009,13.829414,13.895168,13.728542,13.79056,96066737
10/22/2009,13.698654,13.823187,13.648841,13.800522,93810311
10/21/2009,13.696412,13.931531,13.673747,13.726051,147374332
10/20/2009,13.739501,13.772129,13.467022,13.741494,162354271
10/19/2009,13.765653,13.788318,13.667023,13.750709,129198459
10/16/2009,13.632153,13.816961,13.562415,13.694918,355001664
10/15/2009,13.293921,13.372377,13.132526,13.19828,244930632
10/14/2009,13.261792,13.3395,13.200521,13.333025,130824531
10/13/2009,13.060795,13.137258,12.985826,13.103634,121951397
10/12/2009,13.036635,13.094917,12.934518,13.052078,133386097
10/9/2009,12.868018,12.989064,12.814468,12.858055,109934523
10/8/2009,12.940745,13.032401,12.785577,12.806498,172797268
10/7/2009,12.428415,12.926299,12.398776,12.890184,195698788
10/6/2009,12.246597,12.437631,12.246597,12.42194,109701653
10/5/2009,12.145725,12.264779,12.038377,12.167394,86105539
10/2/2009,12.04834,12.247593,12.019946,12.069261,104421937
10/1/2009,12.278975,12.365401,12.129536,12.134517,112949783
9/30/2009,12.453322,12.456809,12.135513,12.349959,126139035
9/29/2009,12.441616,12.447095,12.279224,12.416709,84282733
9/28/2009,12.324804,12.490682,12.286447,12.416709,73847766
9/25/2009,12.311105,12.451578,12.254069,12.266024,82291296
9/24/2009,12.465028,12.48844,12.278975,12.372873,101482963
9/23/2009,12.472749,12.627668,12.396286,12.414966,108573440
9/22/2009,12.476236,12.502886,12.398776,12.42991,122103967
9/21/2009,12.147966,12.425925,12.110108,12.378602,84973311
9/18/2009,12.372873,12.378104,12.234891,12.240619,131832295
9/17/2009,12.218452,12.387817,12.133272,12.247095,179996150
9/16/2009,11.950208,12.188564,11.917331,12.161665,103799614
9/15/2009,11.832648,11.928041,11.77362,11.893919,96283547
9/14/2009,11.718825,11.875488,11.707368,11.833645,79324216
9/11/2009,11.716085,11.788315,11.647094,11.759423,76401301
9/10/2009,11.622685,11.729535,11.506869,11.729535,101764012
9/9/2009,11.433644,11.613221,11.427168,11.555936,88145156
9/8/2009,11.563906,11.631154,11.353445,11.422685,106666319
9/4/2009,11.396533,11.521813,11.35195,11.489435,60192775
9/3/2009,11.352946,11.41347,11.332523,11.395288,66094814
9/2/2009,11.352946,11.415462,11.272498,11.282959,72462593
9/1/2009,11.449086,11.626919,11.318077,11.351452,104185053
8/31/2009,11.451826,11.503382,11.407243,11.49865,78609548
8/28/2009,11.687692,11.765151,11.541241,11.575363,71129616
8/27/2009,11.670755,11.670755,11.475238,11.60799,80255695
8/26/2009,11.774865,11.780843,11.623931,11.656309,79810030
8/25/2009,11.684454,11.814466,11.674242,11.740245,93990986
8/24/2009,11.64012,11.708364,11.567144,11.674491,98503838
8/21/2009,11.595039,11.608738,11.523059,11.587567,142953825
8/20/2009,11.257803,11.511353,11.238625,11.467268,160555554
8/19/2009,10.958674,11.083456,10.923058,11.057803,90538092
8/18/2009,11.085947,11.150704,11.016707,11.09043,94396500
8/17/2009,11.24535,11.257554,11.036632,11.080717,105200846
8/14/2009,11.526297,11.536259,11.379596,11.457056,67255147
8/13/2009,11.510605,11.574615,11.429908,11.513843,80107140
8/12/2009,11.342735,11.500643,11.33053,11.421689,94007046
8/11/2009,11.299397,11.388065,11.267268,11.306122,68756755
8/10/2009,11.33601,11.417455,11.302386,11.372623,69941178
8/7/2009,11.34921,11.44261,11.332274,11.384827,102105287
8/6/2009,11.315088,11.329534,11.171377,11.216956,84752487
8/5/2009,11.35743,11.380095,11.155188,11.236383,94031136
8/4/2009,11.192299,11.307616,11.168886,11.300891,95950302
8/3/2009,11.176607,11.305126,11.14921,11.263033,104000363
7/31/2009,11.207492,11.275238,11.019446,11.034889,114844859
7/30/2009,11.02393,11.244602,11.02393,11.099397,128423566
7/29/2009,10.889932,10.904129,10.75693,10.865274,79777911
7/28/2009,10.98383,11.028911,10.861787,10.955187,101679697
7/27/2009,11.109359,11.127043,10.899396,11.078475,100551484
7/24/2009,10.854564,11.220194,10.83439,11.126296,145619780
7/23/2009,10.67698,10.98906,10.597777,10.892672,139649486
7/22/2009,10.660044,10.714838,10.547964,10.652322,103855823
7/21/2009,10.733269,10.757179,10.603256,10.657553,119173022
7/20/2009,10.706868,10.780841,10.616457,10.714091,126612804
7/17/2009,10.784577,10.846345,10.627665,10.716083,275191634
7/16/2009,10.876233,11.102136,10.811974,11.023681,263162715
7/15/2009,10.701389,10.926046,10.672248,10.913344,151646285
7/14/2009,10.553194,10.628412,10.482459,10.577603,116266167
7/13/2009,10.365398,10.573368,10.34074,10.567889,162434571
7/10/2009,10.201263,10.395286,10.179345,10.321313,117502785
7/9/2009,10.115086,10.322559,10.107116,10.221438,131515110
7/8/2009,9.962658,10.112097,9.914339,10.024675,138163938
7/7/2009,10.167888,10.19155,9.862533,9.878722,130860666
7/6/2009,10.124551,10.227664,10.004003,10.20201,90843231
7/2/2009,10.346469,10.346469,10.132272,10.174115,101081463
7/1/2009,10.565398,10.620193,10.414713,10.435635,92778458
6/30/2009,10.560417,10.640367,10.416457,10.500392,104144903
6/29/2009,10.61023,10.655062,10.516581,10.563904,87097243
6/26/2009,10.30338,10.665772,10.289184,10.593294,130756276
6/25/2009,10.137004,10.358673,10.1248,10.355435,122236461
6/24/2009,10.180342,10.267266,10.126045,10.19404,98680498
6/23/2009,10.128287,10.186568,10.026169,10.104127,116418737
6/22/2009,10.384825,10.398275,10.009731,10.145721,165594371
6/19/2009,10.416207,10.472247,10.325796,10.463032,171002566
6/18/2009,10.353194,10.428163,10.286444,10.312845,123870563
6/17/2009,10.365896,10.453817,10.250578,10.340242,140127270
6/16/2009,10.443605,10.487939,10.346718,10.361164,122445241
6/15/2009,10.49815,10.49815,10.311351,10.380342,150036273
6/12/2009,10.63165,10.652572,10.490927,10.581339,117173555
6/11/2009,10.753942,10.802759,10.669259,10.68495,115037579
6/10/2009,10.865025,10.90637,10.626918,10.774614,134859599
6/9/2009,10.923556,10.971377,10.753693,10.849832,130684007
6/8/2009,10.94647,10.981837,10.812472,10.928288,124412588
6/5/2009,11.0852,11.141738,10.945474,11.06652,147783862
6/4/2009,10.841862,10.989808,10.821937,10.965897,146069460
6/3/2009,10.61023,10.771127,10.560417,10.750953,141841672
6/2/2009,10.616457,10.708861,10.545473,10.670006,105337356
6/1/2009,10.429159,10.699894,10.424178,10.624178,133394127
5/29/2009,10.264277,10.391799,10.229159,10.391799,106325044
5/28/2009,10.178847,10.252073,10.077477,10.221687,107152133
5/27/2009,10.103131,10.25805,10.082458,10.101138,121826932
5/26/2009,9.762159,10.087191,9.713591,10.07125,124645457
5/22/2009,9.879469,9.929034,9.763404,9.800764,69001669
5/21/2009,9.870503,10.033392,9.809233,9.875484,109199779
5/20/2009,10.014712,10.103878,9.838124,9.892421,91702440
5/19/2009,9.865522,10.003504,9.788311,9.934762,113925426
5/18/2009,9.8314,9.895659,9.599021,9.883953,134570520
5/15/2009,9.740988,9.815957,9.690926,9.713591,120799094
5/14/2009,9.683703,9.768635,9.581337,9.651324,117920344
5/13/2009,9.815459,9.872745,9.672495,9.702134,114138220
5/12/2009,10.211973,10.236382,9.840864,9.938,152200354
5/11/2009,10.032396,10.261537,9.992545,10.161413,102755715
5/8/2009,10.033641,10.214962,9.838124,10.145223,155183494
5/7/2009,10.064775,10.086942,9.775858,9.878224,120441759
5/6/2009,10.131774,10.168885,9.987564,10.049084,105710750
5/5/2009,9.962159,10.087191,9.894164,10.037128,96391952
5/4/2009,9.917078,10.022433,9.832894,10.011973,128600225
5/1/2009,9.838871,9.902633,9.752196,9.805497,97471985
4/30/2009,9.857053,10.056057,9.833143,9.862284,174881049
4/29/2009,9.613217,9.837377,9.60973,9.750204,144941247
4/28/2009,9.557925,9.68993,9.502881,9.556928,118185333
4/27/2009,9.572619,9.700889,9.533018,9.612719,91967429
4/24/2009,9.61521,9.792794,9.476978,9.700889,135923572
4/23/2009,9.651574,9.707364,9.492171,9.581337,104751167
4/22/2009,9.508111,9.713591,9.439867,9.560664,140597024
4/21/2009,9.369132,9.571623,9.367389,9.501137,148370051
4/20/2009,9.6177,9.72978,9.362158,9.44709,177820024
4/17/2009,9.614463,9.958174,9.584326,9.769382,430840867
4/16/2009,9.501885,9.78582,9.489929,9.682209,408931050
4/15/2009,9.143229,9.490926,9.070003,9.452071,197967259
4/14/2009,9.38831,9.389556,9.105869,9.18831,137658049
4/13/2009,9.248584,9.442109,9.22293,9.417451,122461301
4/9/2009,9.203005,9.323802,9.122058,9.277725,135811153
4/8/2009,9.053565,9.090925,8.871996,9.016205,111022586
4/7/2009,9.031149,9.059792,8.84958,8.932768,147755757
4/6/2009,9.140738,9.210975,9.001261,9.171623,131703815
4/3/2009,9.078472,9.258298,8.916578,9.209979,152160204
4/2/2009,9.048833,9.209481,8.974362,9.028658,180192885
4/1/2009,8.562406,8.847836,8.483452,8.819193,132542948
3/31/2009,8.690675,8.804748,8.622182,8.669006,146760038
3/30/2009,8.531771,8.563153,8.369878,8.535258,124227898
3/27/2009,8.717325,8.767139,8.604498,8.66004,133410187
3/26/2009,8.795283,8.94547,8.679965,8.799268,241032074
3/25/2009,8.727288,8.7507,8.374859,8.569629,174102141
3/24/2009,8.630152,8.812967,8.567885,8.64684,153372732
3/23/2009,8.30786,8.703627,8.29466,8.682456,171500425
3/20/2009,8.226664,8.293663,8.128034,8.223178,190226352
3/19/2009,8.261036,8.368632,8.153937,8.217698,165064391
3/18/2009,8.338993,8.468259,8.170624,8.296403,201239478
3/17/2009,7.974609,8.352194,7.947461,8.352194,189206544
3/16/2009,8.119317,8.212468,7.935008,7.962405,198613673
3/13/2009,8.122057,8.15593,7.945967,8.080213,156841686
3/12/2009,7.908856,8.094659,7.811969,8.058046,201717262
3/11/2009,7.72355,7.970126,7.61421,7.918071,237832124
3/10/2009,7.428407,7.733513,7.32878,7.67548,270217058
3/9/2009,7.471495,7.63563,7.209228,7.245094,259822241
3/6/2009,7.651819,7.725792,7.32878,7.685443,290452622
3/5/2009,7.882455,7.947212,7.537747,7.612467,262175027
3/4/2009,8.048831,8.194286,7.855057,7.943227,313908211
3/3/2009,8.220936,8.311098,8.028657,8.106614,261970262
3/2/2009,8.302132,8.485694,8.119566,8.148458,232407869
2/27/2009,8.292667,8.563402,8.246839,8.418197,217612620
2/26/2009,8.616702,8.779343,8.397524,8.398022,225064447
2/25/2009,8.521808,8.774611,8.44136,8.509106,258529413
2/24/2009,8.244597,8.707861,8.241359,8.604,244749957
2/23/2009,8.642605,8.712344,8.207984,8.220687,209626799
2/20/2009,8.419691,8.690426,8.343726,8.628907,249616129
2/19/2009,8.903378,8.96141,8.503377,8.534012,200295955
2/18/2009,8.648583,8.80151,8.48121,8.794785,241883252
2/17/2009,8.630401,8.644847,8.460538,8.534511,228067661
2/13/2009,9.020937,9.040863,8.847587,8.908608,166489714
2/12/2009,8.79603,9.056554,8.754187,9.042357,222844155
2/11/2009,8.94024,9.090925,8.792045,8.917575,210048373
2/10/2009,9.3644,9.402258,8.913839,8.929281,285213056
2/9/2009,9.247339,9.489431,9.14821,9.433889,199838246
2/6/2009,8.878222,9.310353,8.852817,9.247339,282579221
2/5/2009,8.490924,8.851323,8.393539,8.809978,291665150
2/4/2009,8.470002,8.827911,8.447586,8.542979,273718132
2/3/2009,8.532269,8.542979,8.314585,8.479467,263243015
2/2/2009,8.326042,8.592792,8.269006,8.482456,209056670
1/30/2009,8.585071,8.687437,8.368632,8.431646,187580472
1/29/2009,8.581335,8.594037,8.470999,8.550949,292444059
1/28/2009,8.417947,8.775358,8.376353,8.684199,308809170
1/27/2009,8.130774,8.315581,8.076477,8.256054,197830749
1/26/2009,8.090923,8.169379,7.984074,8.066515,185119281
1/23/2009,7.702878,8.268009,7.577099,8.087187,430921167
1/22/2009,7.423176,7.70487,7.351196,7.633886,331919470
1/21/2009,7.181831,7.559166,7.181831,7.548706,197718329
1/20/2009,7.450573,7.45954,7.042354,7.042354,202684876
1/16/2009,7.597024,7.677473,7.364895,7.463774,209759293
1/15/2009,7.41147,7.561159,7.142976,7.446837,238269759
1/14/2009,7.72106,7.815705,7.415953,7.496153,219535801
1/13/2009,7.765144,7.98507,7.730773,7.828656,177964564
1/12/2009,7.87822,7.943974,7.726788,7.788058,132667413
1/9/2009,8.156926,8.156926,7.805742,7.847336,174270770
1/8/2009,7.927287,8.099391,7.903874,8.099391,144567852
1/7/2009,8.177349,8.241857,7.938993,8.020188,180453860
1/6/2009,8.293414,8.488184,8.129279,8.320313,257971329
1/5/2009,7.995033,8.250077,7.845593,8.170624,196293007
1/2/2009,7.68619,8.015456,7.60898,8.003003,144961322
12/30/2008,7.491918,7.641607,7.439864,7.549453,154316255
12/29/2008,7.477473,7.506364,7.262279,7.407734,148631025
12/26/2008,7.573363,7.603002,7.429901,7.48096,78657728
12/24/2008,7.508855,7.629901,7.431644,7.545468,77148090
12/23/2008,7.482703,7.554434,7.389054,7.422678,151674390
12/22/2008,7.685194,7.708606,7.238618,7.400013,157291365
12/19/2008,7.745717,7.915082,7.696153,7.725294,225345496
12/18/2008,7.887934,7.978843,7.698893,7.728033,191254191
12/17/2008,7.936253,8.023177,7.781334,7.85157,232456049
12/16/2008,7.833638,8.206739,7.752691,8.101633,283442445
12/15/2008,7.820935,7.932517,7.599266,7.737747,270526212
12/12/2008,7.365144,7.882206,7.322553,7.864522,229741913
12/11/2008,7.575854,7.792791,7.417199,7.477473,248094446
12/10/2008,7.702131,7.843102,7.584322,7.69167,210265182
12/9/2008,7.414459,7.920313,7.397522,7.620686,276629001
12/8/2008,7.222678,7.707112,7.023674,7.524546,326993073
12/5/2008,6.750199,7.079464,6.575852,7.073238,261825722
12/4/2008,6.887434,7.060784,6.694159,6.832889,196196647
12/3/2008,6.721058,7.007733,6.608729,6.959663,237077306
12/2/2008,6.718069,6.918568,6.539987,6.852067,234463545
12/1/2008,7.140237,7.157671,6.624669,6.624918,229304279
11/28/2008,7.237373,7.383575,7.180087,7.29665,103004645
11/26/2008,6.980834,7.358917,6.879215,7.274982,255217044
11/25/2008,6.691917,7.139739,6.658044,7.024919,432462924
11/24/2008,6.706363,6.723548,6.202003,6.411966,403695499
11/21/2008,6.538243,6.709103,6.159413,6.536251,411315956
11/20/2008,6.846587,7.047086,6.451817,6.464768,392642224
11/19/2008,7.357174,7.476725,6.938493,6.978343,314558640
11/18/2008,7.511097,7.564895,7.107111,7.407734,335095329
11/17/2008,7.546713,7.725045,7.420935,7.474982,302883041
11/14/2008,7.55294,8.09441,7.535754,7.721558,382110897
11/13/2008,7.267011,7.79578,6.97386,7.772865,531372276
11/12/2008,7.523052,7.783077,7.167136,7.247833,403550960
11/11/2008,7.688432,7.877971,7.484945,7.757423,407385278
11/10/2008,8.169379,8.205245,7.707859,7.93974,324415448
11/7/2008,8.296901,8.496902,8.102878,8.247586,187953866
11/6/2008,8.467512,8.578346,8.114834,8.249579,344277618
11/5/2008,9.019941,9.187563,8.500887,8.52405,278901487
11/4/2008,8.803004,9.274238,8.605245,9.139244,295097969
11/3/2008,8.906118,9.040863,8.503875,8.629903,239072757
10/31/2008,8.87075,9.264275,8.823677,8.950452,298044974
10/30/2008,9.177102,9.265271,8.925794,8.958671,320753774
10/29/2008,9.110601,9.240365,8.776354,8.916578,391726805
10/28/2008,8.444598,9.198273,8.182082,9.184325,325431241
10/27/2008,8.338993,8.542979,8.109603,8.20649,248957670
10/24/2008,8.131272,8.729031,8.088184,8.450575,295463334
10/23/2008,8.808235,8.916578,8.418197,8.775109,260127380
10/22/2008,8.891423,9.207737,8.567885,8.858546,263383540
10/21/2008,9.274985,9.558672,9.016205,9.034885,232146894
10/20/2008,9.458298,9.488933,8.95618,9.447588,271148536
10/17/2008,9.438622,9.613965,9.05481,9.278721,572104380
10/16/2008,8.287935,8.879219,7.707112,8.792543,652022815
10/15/2008,8.833141,8.941485,8.439118,8.447586,269863738
10/14/2008,9.801512,9.825671,8.891672,9.033889,312559174
10/13/2008,8.861535,9.513093,8.611472,9.489929,357555200
10/10/2008,7.799765,8.515332,7.728532,8.269006,425500926
10/9/2008,8.580837,8.681709,8.01172,8.193788,324210683
10/8/2008,8.223178,8.941236,8.122306,8.421185,474829130
10/7/2008,9.298397,9.339493,8.602008,8.617948,443833384
10/6/2008,9.314587,9.364649,8.895657,9.245595,450506303
10/3/2008,9.896655,10.273991,9.540988,9.63663,320914374
10/2/2008,10.206494,10.211226,9.613965,9.725795,240293315
10/1/2008,10.240367,10.385572,10.039868,10.254563,250326782
9/30/2008,9.862533,10.587316,9.771374,9.975609,123914728
9/29/2008,10.448586,10.548213,9.482208,9.489431,432129680
9/26/2008,10.660044,10.888188,10.486444,10.73576,212493504
9/25/2008,10.930032,11.20799,10.858799,10.948961,201564693
9/24/2008,10.718325,11.083456,10.712597,10.83713,170316002
9/23/2008,10.790803,10.9786,10.603256,10.691675,208948265
9/22/2008,11.310854,11.310854,10.68495,10.713344,176952786
9/19/2008,11.481963,11.508613,11.040617,11.186819,401740198
9/18/2008,10.526544,10.9385,10.224177,10.936009,344863807
9/17/2008,10.921065,10.937504,10.297403,10.323555,366444394
9/16/2008,10.609234,11.190057,10.597528,11.0319,280676114
9/15/2008,10.560417,11.007989,10.553194,10.805996,263680649
9/12/2008,10.715087,11.008487,10.68495,10.900642,242023777
9/11/2008,10.170628,10.836632,10.121562,10.803257,259826256
9/10/2008,10.572123,10.572372,10.203754,10.315336,250005583
9/9/2008,10.539744,10.769135,10.336257,10.427415,290267933
9/8/2008,11.258301,11.281215,10.399769,10.459545,362068052
9/5/2008,11.095661,11.26926,10.960916,11.064777,182051827
9/4/2008,11.457056,11.537754,11.193046,11.214465,194666935
9/3/2008,11.674491,11.812972,11.446595,11.566894,173230887
9/2/2008,11.874741,12.009486,11.492424,11.587816,245376296
8/29/2008,11.699896,11.731278,11.515089,11.538999,154504960
8/28/2008,11.76814,11.86677,11.714342,11.80027,121642242
8/27/2008,11.799024,11.826422,11.577604,11.670755,176141757
8/26/2008,12.041366,12.041366,11.720817,11.809734,132823998
8/25/2008,12.107369,12.378602,11.992549,12.030158,80874004
8/22/2008,12.241615,12.3258,12.191304,12.21895,92232419
8/21/2008,12.027916,12.201765,11.937007,12.117829,141090868
8/20/2008,12.321815,12.370881,12.019199,12.079722,159881036
8/19/2008,12.214965,12.410482,12.12032,12.216709,122316761
8/18/2008,12.698403,12.702388,12.341491,12.410981,133855851
8/15/2008,12.627419,12.718827,12.590308,12.706124,142359606
8/14/2008,12.396037,12.642861,12.360918,12.590059,117181585
8/13/2008,12.493173,12.541491,12.300893,12.454069,145563571
8/12/2008,12.503135,12.606,12.403509,12.518328,110641162
8/11/2008,12.265775,12.674493,12.248589,12.474243,170207597
8/8/2008,11.958925,12.347469,11.847841,12.329038,150132633
8/7/2008,12.005002,12.054816,11.865774,11.933271,111367875
8/6/2008,11.914591,12.198527,11.768638,12.113097,135538133
8/5/2008,11.646098,11.957182,11.614715,11.951453,143917423
8/4/2008,11.659298,11.781092,11.504379,11.531776,99852875
8/1/2008,11.768638,11.786322,11.519323,11.652822,120766974
7/31/2008,11.819697,11.977356,11.741988,11.799522,115033564
7/30/2008,12.092176,12.105127,11.77611,12.022437,140151360
7/29/2008,11.937754,12.136011,11.905376,12.032649,112532223
7/28/2008,12.25631,12.25631,11.833894,11.883458,126873778
7/25/2008,12.116833,12.282213,11.992549,12.253571,127817302
7/24/2008,12.37113,12.375364,11.846098,11.846098,142166886
7/23/2008,11.995289,12.38433,11.907866,12.184828,196497772
7/22/2008,11.624429,11.961416,11.596533,11.883209,188363396
7/21/2008,11.977107,12.057057,11.599024,11.676235,236944811
7/18/2008,12.412226,12.427917,11.910108,11.988066,453389067
7/17/2008,13.304133,13.376113,13.063535,13.2862,352813493
7/16/2008,12.803011,13.362414,12.717332,13.339998,190398997
7/15/2008,12.858802,13.138255,12.480719,12.85407,243750224
7/14/2008,13.424681,13.451082,12.83813,12.991804,177655409
7/11/2008,13.362414,13.437134,12.937258,13.295166,200002860
7/10/2008,13.574121,13.686201,13.218454,13.463784,173917451
7/9/2008,13.717583,13.840124,13.467769,13.488193,166782808
7/8/2008,13.598778,13.82792,13.449588,13.811481,198035514
7/7/2008,13.506873,13.673747,13.339998,13.546973,170845981
7/3/2008,13.222439,13.43041,13.138255,13.374868,96379907
7/2/2008,13.362663,13.459052,13.102389,13.126798,169553154
7/1/2008,12.940994,13.367894,12.876735,13.31833,199139637
6/30/2008,13.262041,13.399774,13.027669,13.111355,151176531
6/27/2008,13.142738,13.200521,12.829163,13.152451,218716743
6/26/2008,13.551705,13.572377,13.157184,13.171131,227228528
6/25/2008,13.573374,13.892926,13.540995,13.723561,165506041
6/24/2008,13.577608,13.728293,13.327545,13.506873,187604562
6/23/2008,13.583087,13.77711,13.499899,13.579351,145981130
6/20/2008,13.872502,13.872502,13.561917,13.609737,240221045
6/19/2008,13.831905,14.041868,13.718828,13.952702,228176066
6/18/2008,14.060049,14.171631,13.926799,14.006998,135754943
6/17/2008,14.354944,14.397784,14.156438,14.183337,139035192
6/16/2008,14.109614,14.423437,14.109614,14.266775,142243171
6/13/2008,13.984831,14.338755,13.981095,14.234396,248303226
6/12/2008,13.66777,13.897907,13.620945,13.772129,220487355
6/11/2008,13.854072,13.881469,13.560671,13.579102,153087667
6/10/2008,13.687695,13.918331,13.618455,13.802515,146844353
6/9/2008,14.148468,14.196787,13.584084,13.894669,212324874
6/6/2008,14.439627,14.463786,14.122067,14.122067,190089843
6/5/2008,14.373126,14.646103,14.351457,14.602765,157255230
6/4/2008,14.080473,14.39604,14.061046,14.25208,135032244
6/3/2008,14.35868,14.458307,13.962914,14.129539,172857493
6/2/2008,14.50812,14.54274,14.228418,14.32132,147518872
5/30/2008,14.532279,14.692927,14.478232,14.590312,129491554
5/29/2008,14.31609,14.592304,14.276488,14.520573,194526410
5/28/2008,14.145479,14.233898,13.975118,14.152951,162623276
5/27/2008,13.573125,14.012478,13.545478,13.970136,155199554
5/23/2008,13.622938,13.773374,13.395042,13.564656,177924414
5/22/2008,13.747222,13.803511,13.455814,13.685204,203813089
5/21/2008,14.408992,14.480972,13.646101,13.698405,259693761
5/20/2008,14.312105,14.507622,14.269265,14.410984,133040807
5/19/2008,14.409739,14.667024,14.284458,14.384085,225020282
5/16/2008,14.48147,14.562416,14.40401,14.447597,171604815
5/15/2008,14.420947,14.519328,14.336513,14.47076,174359100
5/14/2008,14.607498,14.724559,14.327547,14.353699,175688063
5/13/2008,14.601022,14.643861,14.409739,14.520573,207314163
5/12/2008,14.315094,14.613973,14.169639,14.568892,195285244
5/9/2008,14.420947,14.570387,14.229166,14.276488,180068420
5/8/2008,14.600275,14.677485,14.418705,14.520822,205684075
5/7/2008,14.701645,14.931284,14.356937,14.420947,265511486
5/6/2008,14.719826,14.744733,14.520573,14.60426,185866070
5/5/2008,14.915593,14.91908,14.623438,14.816962,252181709
5/2/2008,14.906377,15.005008,14.428419,14.477983,281001329
5/1/2008,14.403761,14.81771,14.370386,14.771632,265101957
4/30/2008,14.002764,14.5669,13.909613,14.303636,317304895
4/29/2008,13.719327,14.032403,13.698903,13.909613,174491595
4/28/2008,13.596039,13.868268,13.424681,13.751456,160945009
4/25/2008,13.674246,13.773374,13.517583,13.550709,167200368
4/24/2008,13.730784,13.810485,13.450086,13.525304,166023975
4/23/2008,13.896413,13.930535,13.473249,13.611232,197597880
4/22/2008,13.389064,13.968393,13.388815,13.823187,318730218
4/21/2008,13.434395,13.514096,13.207744,13.394544,298703433
4/18/2008,13.330285,13.641369,13.070259,13.434893,732158060
4/17/2008,11.348214,11.441365,11.121315,11.196533,536122013
4/16/2008,11.068512,11.414217,10.98383,11.33327,306372069
4/15/2008,11.410481,11.450082,11.051576,11.129285,183790319
4/14/2008,11.386321,11.393544,11.211726,11.249335,154280120
4/11/2008,11.558426,11.637878,11.332772,11.393544,167413162
4/10/2008,11.580593,11.802262,11.503133,11.683208,203656504
4/9/2008,11.684454,11.755936,11.395786,11.561415,242830791
4/8/2008,11.781839,11.809236,11.507118,11.651577,182561731
4/7/2008,11.881216,12.090681,11.794043,11.875986,238631108
4/4/2008,11.382585,11.901142,11.362411,11.733271,236772166
4/3/2008,11.500145,11.538999,11.161414,11.335512,272152284
4/2/2008,11.703632,11.849087,11.46677,11.599024,240859429
4/1/2008,11.151701,11.618949,11.130032,11.599273,244637537
3/31/2008,10.85033,11.025922,10.759919,10.970629,178522648
3/28/2008,11.144727,11.296906,10.817204,10.911103,175704123
3/27/2008,11.108363,11.173369,10.971128,11.060542,234162421
3/26/2008,11.272498,11.528538,11.190306,11.411975,209811488
3/25/2008,11.393793,11.394042,11.108363,11.227417,234138331
3/24/2008,10.91982,11.601017,10.902136,11.471004,271554050
3/20/2008,10.643107,10.851825,10.398524,10.798275,398022314
3/19/2008,10.98657,11.145723,10.751451,10.75967,248086416
3/18/2008,10.684452,10.979845,10.598524,10.938002,290573072
3/17/2008,10.659794,10.80226,10.264277,10.457553,316710676
3/14/2008,11.033145,11.191551,10.725299,10.907117,263961699
3/13/2008,10.776358,11.132772,10.679471,11.033892,310222448
3/12/2008,10.959172,11.155188,10.910853,10.963406,267073318
3/11/2008,10.591799,10.962659,10.576606,10.954938,354399416
3/10/2008,10.680716,10.734763,10.28744,10.301886,320701579
3/7/2008,10.681961,10.958923,10.616208,10.793294,324082204
3/6/2008,11.150455,11.290182,10.739247,10.777105,299923991
3/5/2008,11.089683,11.31185,11.05855,11.150704,298578968
3/4/2008,11.231651,11.291676,10.853817,11.073494,546910299
3/3/2008,11.743732,11.773869,11.210729,11.382834,303312645
2/29/2008,11.752698,11.948713,11.572872,11.735512,378429149
2/28/2008,11.718576,11.932524,11.640369,11.840369,264463573
2/27/2008,11.460294,11.84286,11.44809,11.777356,406393575
2/26/2008,11.486944,11.618202,11.129534,11.561415,934983461
2/25/2008,12.601516,12.615215,12.098153,12.115588,336167332
2/22/2008,12.50463,12.677482,12.392301,12.647594,221462998
2/21/2008,12.773372,12.782339,12.440869,12.524555,227963272
2/20/2008,12.540744,12.727544,12.423932,12.677482,267486862
2/19/2008,13.32356,13.326549,12.615215,12.676236,254968114
2/15/2008,13.158429,13.266773,13.059301,13.191555,210389647
2/14/2008,13.408492,13.475491,13.225428,13.256561,260039050
2/13/2008,13.013721,13.324805,12.918827,13.31559,265981240
2/12/2008,13.035888,13.215465,12.777855,12.903883,267490877
2/11/2008,12.964406,13.043858,12.787071,12.980346,233913491
2/8/2008,12.687693,12.894917,12.67001,12.869014,274179856
2/7/2008,12.375115,12.806747,12.322811,12.57661,318344779
2/6/2008,12.730782,12.731529,12.401765,12.495912,306600924
2/5/2008,12.190059,12.677482,12.167394,12.622687,449811709
2/4/2008,12.679225,12.771629,12.267767,12.339499,528256642
2/1/2008,13.167395,13.366649,12.702388,12.849338,706658840
1/31/2008,13.42493,14.271507,13.307371,14.054819,597081651
1/30/2008,13.67848,13.95843,13.53701,13.655566,318774383
1/29/2008,13.959427,13.980846,13.466275,13.711606,252262009
1/28/2008,14.220946,14.252578,13.663785,13.847596,233540097
1/25/2008,14.740001,14.819453,14.101644,14.107123,279684411
1/24/2008,13.917833,14.438132,13.801768,14.308618,377445475
1/23/2008,13.965404,14.146974,12.926548,13.664283,681171664
1/22/2008,13.998281,14.88172,13.977608,14.554197,381484558
1/18/2008,15.152206,15.192804,14.905381,14.950213,342864341
1/17/2008,15.461048,15.585083,14.894422,14.963663,329903943
1/16/2008,15.665532,15.940003,14.992056,15.341247,423983259
1/15/2008,16.0872,16.165657,15.825183,15.881721,223562839
1/14/2008,16.217712,16.373629,16.071012,16.284462,178566813
1/11/2008,16.0075,16.176119,15.693925,15.896665,199826201
1/10/2008,16.065035,16.368647,15.942992,16.107874,254317685
1/9/2008,15.692182,16.272507,15.504635,16.26902,270598482
1/8/2008,16.264038,16.437389,15.716092,15.733029,214364490
1/7/2008,16.287451,16.495173,15.874249,16.170637,257096061
1/4/2008,16.928797,16.960428,16.313852,16.363665,215195594
1/3/2008,17.067528,17.107128,16.849842,17.069269,130587647
1/2/2008,17.257067,17.369146,16.87998,17.065783,172921733
12/28/2007,17.55744,17.632658,17.348475,17.497663,102892225
12/27/2007,17.610741,17.833157,17.453081,17.453081,118141168
12/26/2007,17.409494,17.763916,17.390068,17.704639,101579322
12/24/2007,17.309868,17.452831,17.261799,17.452831,65380146
12/21/2007,17.381849,17.41622,17.266281,17.352209,216086922
12/20/2007,17.081724,17.210491,16.951712,17.177862,177551020
12/19/2007,16.792309,16.924065,16.662544,16.871014,177506855
12/18/2007,16.791063,16.854574,16.251585,16.770889,287742502
12/17/2007,17.135771,17.320578,16.529793,16.668274,220262515
12/14/2007,17.123568,17.427179,17.11734,17.184587,147490767
12/13/2007,17.342745,17.375374,16.966656,17.286455,202387766
12/12/2007,17.783344,17.791313,17.148224,17.418461,247287433
12/11/2007,17.93129,17.957441,17.404264,17.414724,246484434
12/10/2007,17.832909,18.052336,17.783344,17.893431,154826159
12/7/2007,17.808001,17.882971,17.696171,17.805012,154661545
12/6/2007,17.379856,17.847105,17.36018,17.814726,197096005
12/5/2007,17.253578,17.408001,17.123318,17.397539,169015145
12/4/2007,16.894426,17.235397,16.864786,17.040129,169906473
12/3/2007,17.210739,17.310118,16.964911,16.974625,173652461
11/30/2007,17.708624,17.710117,16.989071,17.260303,317003771
11/29/2007,17.204264,17.504141,17.130041,17.359932,249250764
11/28/2007,16.989071,17.292683,16.740751,17.241873,317846919
11/27/2007,16.807003,16.847601,16.195793,16.776367,357515050
11/26/2007,16.9415,17.270267,16.562918,16.587826,272622038
11/23/2007,16.68745,16.893679,16.640379,16.854326,109958613
11/21/2007,16.034149,16.686705,15.992058,16.451336,281591533
11/20/2007,15.852581,16.41597,15.762668,16.152954,395099399
11/19/2007,15.680974,15.859804,15.404759,15.587823,221924722
11/16/2007,15.789318,15.827923,15.342991,15.781597,363067785
11/15/2007,15.904636,16.127052,15.541746,15.682468,279752666
11/14/2007,16.769144,16.824188,15.84735,15.982095,325001637
11/13/2007,16.064535,16.4613,15.742742,16.452084,339082217
11/12/2007,16.382095,16.685707,15.596789,15.742742,410625377
11/9/2007,16.831411,16.983341,16.468521,16.537264,457231416
11/8/2007,18.296421,18.303642,16.866282,17.281225,662963671
11/7/2007,18.459061,18.61124,18.01099,18.255075,332180444
11/6/2007,18.370144,18.475498,18.057318,18.475498,338716853
11/5/2007,17.608747,18.187578,17.585835,18.073505,356679932
11/2/2007,17.696419,17.772882,17.368399,17.714849,234535815
11/1/2007,17.504141,17.776369,17.478985,17.514601,262066622
10/31/2007,17.451836,17.608997,17.33602,17.608997,276103037
10/30/2007,16.8745,17.432409,16.8745,17.30439,277058606
10/29/2007,16.880976,16.936518,16.739506,16.917339,123111730
10/26/2007,16.787825,16.850342,16.639132,16.802023,134658850
10/25/2007,16.903641,16.910864,16.526802,16.650339,232688918
10/24/2007,16.754948,16.873505,16.427425,16.832409,297278110
10/23/2007,16.469519,16.876741,16.438385,16.831163,272766578
10/22/2007,15.907126,16.313852,15.847599,16.207998,267575192
10/19/2007,16.302893,16.400776,16.0207,16.057562,633927242
10/18/2007,15.825931,15.974374,15.653826,15.930787,493410518
10/17/2007,15.702394,15.790812,15.481721,15.777861,242124152
10/16/2007,15.40451,15.589566,15.242617,15.342493,241915372
10/15/2007,15.902145,15.936765,15.331285,15.444859,278793083
10/12/2007,15.541248,15.900401,15.398283,15.875246,273971076
10/11/2007,15.781846,15.97537,15.168146,15.491932,473729022
10/10/2007,15.475992,15.583589,15.362418,15.576366,216231462
10/9/2007,15.320326,15.536266,15.152953,15.322069,352026555
10/8/2007,14.819453,15.199528,14.793301,15.183588,201873847
10/5/2007,14.62294,14.84436,14.620449,14.795792,203507949
10/4/2007,14.572628,14.572628,14.372628,14.421694,119915795
10/3/2007,14.60152,14.669764,14.45482,14.545978,155761653
10/2/2007,14.530038,14.864534,14.446102,14.555194,283759629
10/1/2007,14.19604,14.554197,14.187073,14.509365,189158364
9/28/2007,14.122067,14.185579,14.050336,14.128792,105975740
9/27/2007,14.239875,14.240125,14.091681,14.13452,82560301
9/26/2007,14.20675,14.24137,14.042615,14.150959,134345680
9/25/2007,14.047347,14.185828,14.018954,14.17188,109633398
9/24/2007,13.972627,14.233151,13.947721,14.147472,212674178
9/21/2007,13.856562,13.967397,13.76914,13.950211,321669193
9/20/2007,13.623934,13.868019,13.599775,13.76914,221828362
9/19/2007,13.431406,13.684955,13.421194,13.620198,221904647
9/18/2007,13.113846,13.381094,13.057806,13.331779,169260059
9/17/2007,13.114095,13.182588,13.052825,13.08346,88229471
9/14/2007,13.031156,13.207246,13.006748,13.169388,111010541
9/13/2007,13.052576,13.131032,13.031654,13.070509,75927532
9/12/2007,12.964655,13.15021,12.926548,13.017457,119887690
9/11/2007,12.876486,12.992551,12.845103,12.984581,108549350
9/10/2007,12.983335,13.003012,12.724306,12.81397,129515644
9/7/2007,12.898155,12.982339,12.871754,12.935265,147093283
9/6/2007,13.184581,13.196287,12.907619,13.039126,145579631
9/5/2007,13.036137,13.18757,13.007495,13.145727,133012703
9/4/2007,12.82742,13.150708,12.817457,13.079724,148301796
8/31/2007,12.779599,12.864282,12.739001,12.833148,119550431
8/30/2007,12.761168,12.836884,12.716834,12.737258,106465569
8/29/2007,12.64859,12.78458,12.633397,12.774119,102354216
8/28/2007,12.740495,12.826423,12.597531,12.612724,131446855
8/27/2007,12.812725,12.887943,12.737258,12.783584,93352602
8/24/2007,12.767395,12.84062,12.665028,12.826922,99278731
8/23/2007,12.851828,12.855066,12.627668,12.756934,123529289
8/22/2007,12.701392,12.858055,12.683708,12.770882,130595677
8/21/2007,12.426921,12.65656,12.39778,12.617955,144965337
8/20/2007,12.514592,12.517083,12.353695,12.401516,108296406
8/17/2007,12.389561,12.478229,12.245351,12.454318,219997525
8/16/2007,12.254567,12.364405,11.966646,12.242114,347120233
8/15/2007,12.677482,12.744481,12.371379,12.392301,217191045
8/14/2007,12.844854,12.886697,12.652575,12.667519,145892800
8/13/2007,12.939998,12.945228,12.777855,12.839375,127648672
8/10/2007,12.706872,12.919574,12.593546,12.845602,235888868
8/9/2007,12.97138,13.121318,12.817706,12.820197,194586635
8/8/2007,12.935016,13.095415,12.878976,13.095415,163362034
8/7/2007,12.696162,12.948466,12.678478,12.852326,171211346
8/6/2007,12.528042,12.706124,12.515589,12.702388,146607469
8/3/2007,12.703634,12.78209,12.528042,12.528042,127524207
8/2/2007,12.795041,12.826672,12.677482,12.727544,126669014
8/1/2007,12.714842,12.864531,12.656062,12.775614,177791919
7/31/2007,12.957183,12.962414,12.702388,12.702388,171460275
7/30/2007,12.775116,12.935016,12.714842,12.854568,159126217
7/27/2007,12.665776,12.86727,12.590308,12.749462,221189978
7/26/2007,12.671006,12.766897,12.425426,12.652575,276368027
7/25/2007,12.876237,12.877233,12.591803,12.696411,222631361
7/24/2007,12.684954,12.918827,12.630408,12.802015,223719424
7/23/2007,12.926797,12.951455,12.755938,12.764904,255221059
7/20/2007,12.749711,13.030658,12.689935,12.954444,713556598
7/19/2007,13.784831,13.786325,13.505379,13.663536,446756299
7/18/2007,13.795541,13.810734,13.544482,13.686201,244111573
7/17/2007,13.824184,13.891182,13.757932,13.823187,173792986
7/16/2007,13.706126,13.912353,13.681468,13.773125,264969462
7/13/2007,13.646599,13.765155,13.630161,13.752452,210269197
7/12/2007,13.595541,13.631904,13.455067,13.58234,138179998
7/11/2007,13.539501,13.611481,13.449837,13.56092,132868163
7/10/2007,13.543984,13.623934,13.490684,13.532776,154818129
7/9/2007,13.524308,13.667272,13.456063,13.513349,149751208
7/6/2007,13.480721,13.545976,13.417956,13.434644,110291857
7/5/2007,13.339002,13.559177,13.25407,13.490185,198457088
7/3/2007,13.226922,13.31011,13.138255,13.308616,75152639
7/2/2007,13.088192,13.246598,13.056063,13.209986,140026895
6/29/2007,13.101393,13.135764,12.938005,13.018703,155805818
6/28/2007,13.072999,13.188068,13.0461,13.076237,167360967
6/27/2007,13.075988,13.150459,12.940496,13.108118,245842035
6/26/2007,13.268516,13.280222,13.106872,13.206997,228433026
6/25/2007,13.175116,13.324805,13.035639,13.136262,318188194
6/22/2007,12.862289,13.075739,12.854319,13.07549,289228049
6/21/2007,12.726797,12.834144,12.609736,12.804755,177049146
6/20/2007,12.875739,12.920321,12.678976,12.701641,174178426
6/19/2007,12.802264,12.882961,12.740745,12.809736,174864989
6/18/2007,12.607245,12.851828,12.558926,12.831903,194161046
6/15/2007,12.657307,12.677482,12.483957,12.600022,247889682
6/14/2007,12.58732,12.599773,12.495663,12.524057,185540856
6/13/2007,12.62991,12.666025,12.420694,12.583833,282414606
6/12/2007,12.670259,12.743982,12.532276,12.572127,257742474
6/11/2007,12.802513,12.907868,12.702388,12.735763,186604829
6/8/2007,12.85681,12.942488,12.688939,12.839126,255281284
6/7/2007,12.945228,13.113348,12.764904,12.828416,426813829
6/6/2007,12.870508,12.970882,12.833397,12.907868,316650452
6/5/2007,12.696162,12.926548,12.617955,12.922563,419450332
6/4/2007,12.401267,12.715091,12.393297,12.629412,285104652
6/1/2007,12.478229,12.578353,12.401765,12.463285,192679513
5/31/2007,12.46727,12.672002,12.380096,12.401267,358310019
5/30/2007,12.067269,12.42443,12.029909,12.418453,290918361
5/29/2007,12.079722,12.249087,12.054816,12.132275,209502334
5/25/2007,11.947717,12.078477,11.887194,12.04286,214741900
5/24/2007,11.834392,11.935264,11.743483,11.813968,167569747
5/23/2007,11.975612,12.040121,11.799522,11.805002,203166675
5/22/2007,11.780843,11.930531,11.780843,11.852076,154135581
5/21/2007,11.694416,11.935264,11.624429,11.721067,247295463
5/18/2007,11.756683,11.773371,11.699896,11.714093,148390126
5/17/2007,11.767393,11.836135,11.726297,11.730033,187122763
5/16/2007,11.506869,11.784329,11.432648,11.771129,263150670
5/15/2007,11.505873,11.520319,11.392548,11.407243,165377561
5/14/2007,11.593545,11.644105,11.457056,11.50139,155488633
5/11/2007,11.502635,11.631403,11.481963,11.624927,118205408
5/10/2007,11.632399,11.69342,11.482461,11.493669,148004686
5/9/2007,11.610232,11.749211,11.553694,11.687443,156179212
5/8/2007,11.609734,11.660543,11.574865,11.62667,116639561
5/7/2007,11.759423,11.776359,11.618202,11.638127,121256803
5/4/2007,11.709111,11.826671,11.603507,11.734018,158592223
5/3/2007,11.611975,11.807493,11.588812,11.786571,144306878
5/2/2007,11.672499,11.733022,11.599771,11.601017,122967190
5/1/2007,11.760668,11.77611,11.560917,11.681216,146876473
4/30/2007,11.934018,11.988813,11.740494,11.740494,146193924
4/27/2007,11.956932,12.014965,11.913595,11.930531,117466650
4/26/2007,11.907866,12.066024,11.883209,11.984579,165614446
4/25/2007,11.955189,11.989311,11.858302,11.905127,159266742
4/24/2007,11.920569,11.954691,11.844354,11.89367,148341946
4/23/2007,11.95768,12.079722,11.911851,11.932275,227834792
4/20/2007,12.217207,12.266522,12.0055,12.016957,488283372
4/19/2007,11.818202,12.003757,11.695911,11.747219,442034667
4/18/2007,11.737505,11.952698,11.694416,11.855812,227670177
4/17/2007,11.800768,11.865276,11.745973,11.775861,128885290
4/16/2007,11.667766,11.88022,11.660045,11.812474,203877329
4/13/2007,11.667517,11.675487,11.540742,11.613719,112211024
4/12/2007,11.556683,11.656309,11.512847,11.641116,108721995
4/11/2007,11.60799,11.691179,11.522062,11.569883,153051532
4/10/2007,11.633644,11.725799,11.585574,11.618949,119618686
4/9/2007,11.780344,11.780843,11.596284,11.66154,122943100
4/5/2007,11.738501,11.758177,11.696658,11.743732,109039179
4/4/2007,11.759423,11.780843,11.695662,11.731527,151718555
4/3/2007,11.557928,11.811976,11.556683,11.77088,261046814
4/2/2007,11.401265,11.420443,11.260792,11.420443,138457033
3/30/2007,11.50936,11.541739,11.360916,11.411228,135714793
3/29/2007,11.570381,11.606496,11.332523,11.47997,160137995
3/28/2007,11.503632,11.592548,11.460792,11.503881,184352418
3/27/2007,11.545475,11.587318,11.465524,11.547218,150208917
3/26/2007,11.470755,11.581589,11.347965,11.581589,189118214
3/23/2007,11.493171,11.54149,11.384329,11.502635,165068406
3/22/2007,11.347716,11.511104,11.271004,11.507866,228079706
3/21/2007,11.090928,11.371626,11.088687,11.371128,232801338
3/20/2007,11.103133,11.148214,11.048587,11.09043,137372985
3/19/2007,11.03987,11.17063,10.974614,11.138998,208687290
3/16/2007,11.099646,11.125798,10.956184,10.980094,227212468
3/15/2007,11.154689,11.203507,11.057055,11.113095,158359353
3/14/2007,11.039372,11.174615,10.934017,11.158176,321877972
3/13/2007,11.210729,11.25606,11.029409,11.03439,256048147
3/12/2007,11.272,11.33875,11.235636,11.326296,139135567
3/9/2007,11.407243,11.417206,11.21048,11.281713,199854306
3/8/2007,11.437629,11.594043,11.310107,11.325549,215316044
3/7/2007,11.524055,11.535263,11.314839,11.348463,262343656
3/6/2007,11.144976,11.432149,11.142734,11.396035,302477526
3/5/2007,10.884701,11.09591,10.884203,10.982585,255156819
3/2/2007,11.086196,11.175611,10.926046,10.926046,264331078
3/1/2007,11.025424,11.268264,10.958923,11.163905,348710170
2/28/2007,11.218201,11.299397,11.034639,11.194291,322496281
2/27/2007,11.332523,11.452075,11.137504,11.177355,373908266
2/26/2007,11.776608,11.836882,11.550456,11.579846,159391206
2/23/2007,11.849336,11.879224,11.651328,11.721565,155886118
2/22/2007,11.922561,12.060793,11.815463,11.851826,230617182
2/21/2007,11.702138,11.922312,11.649834,11.852076,226469694
2/20/2007,11.668015,11.774616,11.574366,11.758427,163313855
2/16/2007,11.526795,11.709859,11.508364,11.704628,248006116
2/15/2007,11.606496,11.609734,11.474989,11.493669,162302076
2/14/2007,11.457056,11.684454,11.437629,11.604753,228806420
2/13/2007,11.435885,11.526297,11.388812,11.43464,163113105
2/12/2007,11.473993,11.516583,11.333021,11.414466,231042771
2/9/2007,11.747219,11.772872,11.494416,11.50413,195072449
2/8/2007,11.657555,11.799522,11.585325,11.731776,163679219
2/7/2007,11.801266,11.814466,11.675736,11.706372,165409681
2/6/2007,11.6588,11.788315,11.637878,11.742984,213673912
2/5/2007,11.892922,11.905376,11.611228,11.635388,289356529
2/2/2007,12.020195,12.079722,11.900643,11.992549,252402534
2/1/2007,12.602762,12.603011,11.993296,11.998776,628695706
1/31/2007,12.3659,12.577855,12.341491,12.490682,490074058
1/30/2007,12.303882,12.403509,12.234642,12.311852,167846782
1/29/2007,12.403509,12.422189,12.216709,12.265775,191744020
1/26/2007,12.227419,12.401018,12.130283,12.34971,220684089
1/25/2007,12.478229,12.565402,12.096161,12.156684,255694828
1/24/2007,12.066024,12.441865,12.037132,12.430159,243280470
1/23/2007,11.974865,12.073496,11.887692,11.931528,187319498
1/22/2007,12.266522,12.270258,11.917829,11.976111,216982266
1/19/2007,12.153944,12.223185,12.12306,12.198029,199878396
1/18/2007,12.316833,12.365651,12.140245,12.150208,238169384
1/17/2007,12.537755,12.646847,12.313347,12.385576,268968395
1/16/2007,12.641367,12.777108,12.535514,12.559922,303890804
1/12/2007,12.502886,12.577855,12.453322,12.577855,179618741
1/11/2007,12.383583,12.496909,12.358179,12.446348,289408724
1/10/2007,12.065525,12.292674,12.005999,12.190806,239634856
1/9/2007,12.09093,12.160669,11.985077,12.092176,216062832
1/8/2007,12.146721,12.201018,12.009984,12.044355,190888826
1/5/2007,12.017456,12.141989,11.908115,12.134268,275914333
1/4/2007,11.681216,12.05357,11.665027,12.036385,316686586
1/3/2007,11.606496,11.872001,11.484703,11.646098,309415434
12/29/2006,11.50936,11.568389,11.453569,11.469011,102751700
12/28/2006,11.634391,11.670755,11.513096,11.520817,125115211
12/27/2006,11.457056,11.658302,11.43464,11.657056,169894428
12/26/2006,11.370381,11.443856,11.322311,11.395537,83282999
12/22/2006,11.39479,11.423183,11.275985,11.346969,160129965
12/21/2006,11.561166,11.587816,11.266271,11.362411,279174507
12/20/2006,11.706123,11.743483,11.515089,11.529285,175366863
12/19/2006,11.499896,11.688937,11.419696,11.672,264467588
12/18/2006,12.017705,12.023433,11.474989,11.526795,321865927
12/15/2006,12.020943,12.057555,11.951204,11.962661,208410256
12/14/2006,11.961416,12.048589,11.886945,12.007991,190668002
12/13/2006,12.072001,12.092176,11.880967,11.930033,187182988
12/12/2006,12.05108,12.113595,11.962163,11.999523,167866857
12/11/2006,12.07773,12.176858,12.049834,12.053072,131025281
12/8/2006,12.003508,12.169386,11.955189,12.057555,159591956
12/7/2006,12.209984,12.249087,12.015463,12.020943,187271318
12/6/2006,12.128539,12.264031,12.067767,12.172126,178679233
12/5/2006,12.139498,12.190308,12.076983,12.129536,164735162
12/4/2006,12.029909,12.140245,11.939,12.075986,196730641
12/1/2006,12.104131,12.164156,11.917829,11.975114,226100315
11/30/2006,12.059548,12.214218,11.993794,12.07499,223936234
11/29/2006,12.30986,12.322313,12.011229,12.071005,253558852
11/28/2006,11.983334,12.200769,11.881216,12.191802,313073093
11/27/2006,12.487444,12.497656,12.073496,12.073496,294086191
11/24/2006,12.565402,12.640122,12.552948,12.577855,69567783
11/22/2006,12.726548,12.777108,12.597282,12.652824,180702789
11/21/2006,12.367145,12.702388,12.349461,12.693671,338363534
11/20/2006,12.413471,12.413471,12.270258,12.330034,205748315
11/17/2006,12.285202,12.444854,12.278975,12.423185,221266263
11/16/2006,12.328789,12.395538,12.268016,12.351205,204467533
11/15/2006,12.289685,12.449586,12.252325,12.252325,336083018
11/14/2006,11.972624,12.20301,11.967642,12.186821,290019003
11/13/2006,11.828165,11.98433,11.809236,11.980843,174326980
11/10/2006,11.80027,11.823682,11.713346,11.794541,112287309
11/9/2006,11.868016,11.942487,11.752449,11.771627,195899538
11/8/2006,11.71484,11.998527,11.671253,11.830656,319794191
11/7/2006,11.879224,11.930781,11.750207,11.770133,196618221
11/6/2006,11.800021,11.946721,11.764155,11.879224,200408375
11/3/2006,11.761664,11.799522,11.583084,11.750955,197043811
11/2/2006,11.643856,11.799024,11.615961,11.703881,210253137
11/1/2006,11.924305,11.93352,11.588065,11.643856,217865564
10/31/2006,11.90687,12.008987,11.801764,11.865276,252358369
10/30/2006,11.826173,11.966646,11.706372,11.869759,263508004
10/27/2006,12.052325,12.0857,11.76814,11.835637,265150137
10/26/2006,12.146472,12.253072,12.059797,12.082213,282322262
10/25/2006,11.892673,12.166895,11.833396,12.119573,368877480
10/24/2006,11.862536,11.901889,11.741241,11.788564,347706422
10/23/2006,11.513843,12.070756,11.466272,11.974616,606444615
10/20/2006,11.4319,11.459547,11.297405,11.448837,467662368
10/19/2006,10.466519,10.697404,10.450081,10.611725,461864718
10/18/2006,10.535261,10.579097,10.398524,10.443605,241594173
10/17/2006,10.468262,10.55419,10.378598,10.476731,209221284
10/16/2006,10.652572,10.689932,10.494165,10.504377,173423607
10/13/2006,10.654066,10.697404,10.599271,10.642609,145443121
10/12/2006,10.673991,10.701887,10.560417,10.646096,194486260
10/11/2006,10.585822,10.707615,10.554439,10.622684,226260915
10/10/2006,10.748711,10.905374,10.520317,10.62642,393011603
10/9/2006,10.580342,10.758425,10.545971,10.68495,304468963
10/6/2006,10.217203,10.508362,10.205497,10.473244,294559960
10/5/2006,10.328785,10.416955,10.233144,10.256805,232460064
10/4/2006,10.086444,10.355435,10.038623,10.353692,267470802
10/3/2006,9.994787,10.123554,9.917576,10.06328,219407321
10/2/2006,10.00998,10.112097,9.982583,9.998523,146623529
9/29/2006,10.090429,10.102633,9.997776,10.00998,132932403
9/28/2006,10.064277,10.136506,9.976107,10.051823,205061752
9/27/2006,10.119569,10.24211,10.021686,10.035385,235949093
9/26/2006,10.099644,10.153941,10.006742,10.133766,212369039
9/25/2006,10.101637,10.198025,10.024924,10.061786,230352192
9/22/2006,10.086693,10.148212,9.996531,10.056805,186681114
9/21/2006,9.97013,10.173119,9.959171,10.133268,429287065
9/20/2006,10.139495,10.146718,9.82866,9.887938,367283528
9/19/2006,10.347714,10.348461,9.781835,10.057552,573858932
9/18/2006,10.211724,10.428163,10.198523,10.328536,285333506
9/15/2006,10.148959,10.212969,10.130528,10.208735,314703180
9/14/2006,10.069756,10.119071,10.010727,10.061786,215448538
9/13/2006,9.84186,10.131026,9.840615,10.126294,392192544
9/12/2006,9.589058,9.781586,9.586069,9.760914,218503948
9/11/2006,9.421187,9.581337,9.408983,9.566393,181847062
9/8/2006,9.382831,9.484201,9.382831,9.410975,123798294
9/7/2006,9.449332,9.508111,9.399767,9.426916,154256030
9/6/2006,9.516829,9.543977,9.456056,9.468012,149522354
9/5/2006,9.461287,9.599021,9.400764,9.573118,163582859
9/1/2006,9.489182,9.496405,9.394537,9.429655,107316747
8/31/2006,9.501636,9.518074,9.419693,9.427912,118839777
8/30/2006,9.444848,9.580341,9.427414,9.483205,162382376
8/29/2006,9.483952,9.522308,9.394786,9.438373,179068687
8/28/2006,9.355184,9.488186,9.339991,9.488186,167184308
8/25/2006,9.292171,9.347962,9.277725,9.296654,99037832
8/24/2006,9.326044,9.374861,9.271747,9.30836,139822131
8/23/2006,9.405745,9.421436,9.28171,9.300888,146238089
8/22/2006,9.407987,9.446094,9.336006,9.421934,167188323
8/21/2006,9.417202,9.439618,9.345471,9.397277,161535213
8/18/2006,9.621686,9.641113,9.483205,9.548211,198830482
8/17/2006,9.623678,9.713591,9.562159,9.608983,203969673
8/16/2006,9.5512,9.674986,9.517327,9.656804,235005569
8/15/2006,9.317825,9.506119,9.280215,9.488684,268932260
8/14/2006,9.252818,9.343229,9.182332,9.201261,199476896
8/11/2006,9.325047,9.346965,9.165645,9.178098,151224711
8/10/2006,9.312096,9.406492,9.276729,9.320066,171114986
8/9/2006,9.534263,9.581088,9.373864,9.38831,173086347
8/8/2006,9.534761,9.576605,9.44186,9.489431,230589077
8/7/2006,9.252818,9.4578,9.244101,9.413466,158467758
8/4/2006,9.453566,9.481461,9.259045,9.311349,204571922
8/3/2006,9.090427,9.41247,9.050078,9.349705,254028606
8/2/2006,9.354935,9.394039,9.095906,9.146467,284976172
8/1/2006,9.591798,9.608236,9.352694,9.352694,219347097
7/31/2006,9.663778,9.692919,9.546966,9.628908,184500973
7/28/2006,9.514338,9.702632,9.507613,9.666767,163956253
7/27/2006,9.648087,9.651075,9.413466,9.524301,226489769
7/26/2006,9.668759,9.761163,9.539245,9.601511,222105397
7/25/2006,9.589556,9.746219,9.55917,9.697651,231307761
7/24/2006,9.783828,9.810478,9.494662,9.736007,324656348
7/21/2006,9.617451,9.757178,9.40699,9.716331,471946365
7/20/2006,10.069258,10.073243,9.605496,9.64186,503427925
7/19/2006,9.838373,9.991051,9.829656,9.937751,342017177
7/18/2006,10.205497,10.225921,9.906368,10.038623,342751921
7/17/2006,10.077975,10.236631,10.05531,10.159171,233347377
7/14/2006,10.219943,10.248835,9.928037,10.049831,303216285
7/13/2006,10.311351,10.419445,10.13277,10.182583,278018189
7/12/2006,10.512845,10.529035,10.379346,10.392297,197003661
7/11/2006,10.423679,10.586569,10.287191,10.574365,239747276
7/10/2006,10.546469,10.591052,10.370628,10.415958,178121149
7/7/2006,10.611476,10.657304,10.358175,10.471998,242581861
7/6/2006,10.544975,10.594788,10.510106,10.540243,148036806
7/5/2006,10.498648,10.530529,10.352197,10.497154,200171490
7/3/2006,10.461787,10.554688,10.447092,10.540492,86591354
6/30/2006,10.351201,10.444103,10.269756,10.444103,251258261
6/29/2006,10.161662,10.415958,10.107614,10.406245,267326263
6/28/2006,10.062533,10.124053,9.990802,10.114837,148976315
6/27/2006,10.104874,10.161911,9.987813,10.020441,164899777
6/26/2006,10.130777,10.169383,10.043604,10.067764,142580431
6/23/2006,10.0314,10.205497,9.981088,10.083704,213388847
6/22/2006,10.00201,10.112097,9.663778,9.961412,237362370
6/21/2006,9.739992,10.062284,9.707364,10.015709,351087046
6/20/2006,9.664525,9.760166,9.626667,9.643105,162201701
6/19/2006,9.734762,9.833143,9.638373,9.667265,306468429
6/16/2006,9.691175,9.736754,9.663778,9.731026,212979318
6/15/2006,9.629407,9.769631,9.539245,9.738498,272445379
6/14/2006,9.709357,9.740988,9.427663,9.573865,312045255
6/13/2006,9.486941,9.638871,9.4177,9.626916,307512327
6/12/2006,9.672246,9.725795,9.489431,9.502881,201516513
6/9/2006,9.768137,9.848834,9.597775,9.628161,247223193
6/8/2006,9.657551,9.819942,9.429406,9.795783,415933198
6/7/2006,9.794289,9.834637,9.626418,9.626667,357788070
6/6/2006,9.379344,9.713591,9.37237,9.713342,411930250
6/5/2006,9.369381,9.500639,9.318821,9.326044,223173385
6/2/2006,9.634886,9.640864,9.401013,9.450577,256413512
6/1/2006,9.303628,9.538996,9.255309,9.52978,252061259
5/31/2006,9.310103,9.420938,9.135259,9.260788,320448635
5/30/2006,9.421685,9.489431,9.251573,9.263777,173287097
5/26/2006,9.57785,9.610976,9.465272,9.498149,147229793
5/25/2006,9.441611,9.539245,9.272993,9.538996,329012615
5/24/2006,9.398522,9.550203,9.255558,9.495658,383584400
5/23/2006,9.320315,9.561162,9.304126,9.354437,360666820
5/22/2006,9.161909,9.290925,9.097152,9.23912,345466056
5/19/2006,9.297152,9.327538,8.980589,9.215956,457636930
5/18/2006,9.434139,9.509606,9.233142,9.240116,234274840
5/17/2006,9.230651,9.46054,9.220938,9.327538,427347823
5/16/2006,9.364649,9.386318,9.212718,9.247837,260617209
5/15/2006,9.363155,9.468261,9.171872,9.369879,344891912
5/12/2006,9.552694,9.58582,9.303877,9.318323,405016432
5/11/2006,10.047838,10.079968,9.58856,9.638871,357045296
5/10/2006,10.169632,10.254314,10.008984,10.036879,248415646
5/9/2006,9.855559,10.186817,9.806991,10.181836,366994449
5/8/2006,9.840864,9.890926,9.714836,9.832645,205511431
5/5/2006,9.902882,9.979594,9.757925,9.82069,243509324
5/4/2006,9.838871,9.934513,9.768635,9.831898,186777474
5/3/2006,9.871748,10.000017,9.735509,9.817452,324098263
5/2/2006,9.989557,10.024675,9.67374,9.833143,526136725
5/1/2006,10.422683,10.446843,9.926543,9.93526,416001453
4/28/2006,10.426668,10.603505,10.368636,10.409483,297964674
4/27/2006,10.533269,10.632895,10.445597,10.461538,334766100
4/26/2006,10.653568,10.710853,10.548711,10.609483,292203159
4/25/2006,10.949708,10.984826,10.61023,10.639122,384194678
4/24/2006,10.943979,11.075984,10.872248,10.971377,354780840
4/21/2006,11.180592,11.225922,10.863531,10.886694,905433112
4/20/2006,10.23688,10.361164,10.166892,10.336257,492699864
4/19/2006,10.275734,10.302384,10.130279,10.224177,272284779
4/18/2006,10.160167,10.20749,10.000017,10.068262,326724069
4/17/2006,10.048585,10.273991,9.983579,10.132521,331618345
4/13/2006,10.177602,10.205746,9.975111,10.016456,263098475
4/12/2006,10.186817,10.24485,10.091923,10.185572,241582128
4/11/2006,10.371625,10.438374,10.117577,10.203256,445953300
4/10/2006,10.138997,10.390305,10.093417,10.370628,374201361
4/7/2006,10.271749,10.282708,10.062782,10.116082,282089392
4/6/2006,10.124302,10.308611,10.097901,10.241114,345229172
4/5/2006,10.166892,10.325547,10.032894,10.161662,538430634
4/4/2006,9.7111,10.0847,9.667265,10.070752,630984252
4/3/2006,9.701885,9.77511,9.662034,9.706119,326125835
3/31/2006,9.682209,9.760166,9.564898,9.713591,1466331647
3/30/2006,9.693417,9.800764,9.554438,9.674737,590673723
3/29/2006,9.46303,9.937751,9.45232,9.837626,763952790
3/28/2006,9.258049,9.411224,9.244599,9.394786,359173242
3/27/2006,9.14298,9.258049,9.090925,9.207737,282001062
3/24/2006,9.181087,9.2177,9.028907,9.11085,609500025
3/23/2006,8.526789,8.611472,8.47324,8.515332,298502683
3/22/2006,8.462032,8.570376,8.405992,8.473738,304978867
3/21/2006,8.717574,8.75867,8.445345,8.466266,394717975
3/20/2006,8.52654,8.719567,8.506615,8.672244,417864410
3/17/2006,8.438371,8.512593,8.341982,8.463028,343350155
3/16/2006,8.682705,8.686192,8.415955,8.437624,402169802
3/15/2006,8.736503,8.774611,8.481459,8.580339,512666424
3/14/2006,8.397026,8.776354,8.284448,8.746217,740794310
3/13/2006,8.491422,8.620189,8.354934,8.395033,547741403
3/10/2006,8.555432,8.580339,8.257798,8.405992,775921484
3/9/2006,8.851572,8.929779,8.505619,8.542979,558501584
3/8/2006,8.815208,8.967139,8.730775,8.813963,471585016
3/7/2006,9.091423,9.176853,8.920314,9.077226,416708092
3/6/2006,9.48719,9.549207,9.144225,9.168136,358928328
3/3/2006,9.571623,9.644849,9.35892,9.419195,480273461
3/2/2006,9.072992,9.491922,9.021186,9.376106,735960259
3/1/2006,9.179593,9.20176,8.99877,9.085944,484256334
2/28/2006,9.793292,9.901387,8.431148,9.031647,1583416872
2/27/2006,9.496156,9.755932,9.471498,9.723056,410019113
2/24/2006,9.397277,9.466268,9.302382,9.399767,260344190
2/23/2006,9.106118,9.495409,9.100639,9.416455,503945859
2/22/2006,9.144474,9.189306,9.062531,9.103129,260018976
2/21/2006,9.126791,9.303628,9.093665,9.130527,348742290
2/17/2006,9.211971,9.268758,9.056554,9.184325,574955025
2/16/2006,8.60948,9.140738,8.58009,9.127289,855815829
2/15/2006,8.49989,8.617699,8.414211,8.527537,519821141
2/14/2006,8.601011,8.759418,8.528035,8.550949,588357072
2/13/2006,8.633639,8.732269,8.515332,8.610227,791668286
2/10/2006,9.01496,9.078472,8.795532,9.031398,611222457
2/9/2006,9.245346,9.325047,8.869505,8.935757,478282024
2/8/2006,9.1776,9.232644,8.833639,9.192544,835283155
2/7/2006,9.538996,9.556679,9.049829,9.163652,667701363
2/6/2006,9.596779,9.7111,9.453566,9.591549,358956433
2/3/2006,9.803753,9.810727,9.279468,9.50313,734012987
2/2/2006,10.057801,10.124551,9.862533,9.864027,474078326
2/1/2006,9.689432,10.012471,9.651823,10.006991,1088966472
1/31/2006,10.724054,10.948961,10.55967,10.776108,885948351
1/30/2006,10.690679,10.791551,10.585324,10.630654,344843732
1/27/2006,10.83439,10.914589,10.684452,10.796781,339355237
1/26/2006,10.947466,10.958674,10.549458,10.816208,518982008
1/25/2006,11.239372,11.313345,10.69043,10.784577,752401655
1/24/2006,10.860044,11.082211,10.821439,11.03439,620902605
1/23/2006,10.146469,10.669757,10.105373,10.64759,913065614
1/20/2006,10.926545,10.95967,9.831649,9.949208,1650832619
1/19/2006,11.23713,11.294914,10.784577,10.870505,583671575
1/18/2006,11.140742,11.391303,11.03987,11.081215,822499417
1/17/2006,11.53327,11.703632,11.52007,11.634142,332051965
1/13/2006,11.564404,11.628663,11.497156,11.612723,307411953
1/12/2006,11.798775,11.830407,11.494416,11.547467,406530084
1/11/2006,11.737754,11.833396,11.685699,11.74672,361646478
1/10/2006,11.567144,11.712349,11.507866,11.700145,365247927
1/9/2006,11.616708,11.790805,11.480468,11.628912,513593887
1/6/2006,11.379098,11.718576,11.288687,11.598028,712938289
1/5/2006,11.108363,11.246595,10.996283,11.238874,433952486
1/4/2006,11.056059,11.182087,10.952697,11.089434,613747887
1/3/2006,10.523555,10.851077,10.416457,10.840119,526815259
12/30/2005,10.392795,10.416207,10.304875,10.33277,304621533
12/29/2005,10.659545,10.678225,10.440118,10.464526,278873383
12/28/2005,10.568885,10.654564,10.492173,10.627416,285783185
12/27/2005,10.756183,10.756183,10.529533,10.576357,269116950
12/23/2005,10.763406,10.772123,10.679471,10.73302,184492943
12/22/2005,10.753942,10.78109,10.608487,10.760666,302995460
12/21/2005,10.798275,10.880716,10.478474,10.618449,450558497
12/20/2005,10.656557,10.764651,10.577104,10.703381,404899997
12/19/2005,10.764651,11.113594,10.46353,10.575361,880760980
12/16/2005,10.593792,10.772123,10.529284,10.713593,655668429
12/15/2005,10.438623,10.538997,10.373617,10.524302,242738446
12/14/2005,10.387067,10.454066,10.348461,10.434887,266210095
12/13/2005,10.273991,10.410977,10.252571,10.398275,327775997
12/12/2005,10.327042,10.341488,10.210479,10.27673,279046027
12/9/2005,10.336257,10.355684,10.175858,10.191799,306881974
12/8/2005,10.094663,10.227913,10.028411,10.227913,357735875
12/7/2005,10.116082,10.129532,9.938,10.067764,468385066
12/6/2005,10.179345,10.371376,10.004999,10.075734,607279734
12/5/2005,10.38607,10.398524,10.069258,10.108361,413118688
12/2/2005,10.384576,10.449084,10.307864,10.403505,302870996
12/1/2005,10.191799,10.347216,10.169134,10.313592,391257051
11/30/2005,10.06876,10.173119,9.852072,10.084949,626202395
11/29/2005,10.571874,10.620193,10.015958,10.050827,863054861
11/28/2005,10.705374,10.740741,10.521563,10.547466,441986487
11/25/2005,10.604751,10.678724,10.592796,10.675486,194329675
11/23/2005,10.387067,10.57835,10.355684,10.532023,404912042
11/22/2005,10.1781,10.393792,10.117826,10.37287,385278727
11/21/2005,9.941985,10.211226,9.800515,10.195784,414953540
11/18/2005,10.049582,10.074737,9.958922,9.967888,282077347
11/17/2005,10.007489,10.057552,9.950951,10.048585,369869183
11/16/2005,9.868012,9.934015,9.815957,9.91658,349111670
11/15/2005,9.822682,9.887938,9.737252,9.78333,346289130
11/14/2005,9.766393,9.918324,9.751698,9.88719,313486637
11/11/2005,9.841113,9.885447,9.684948,9.723554,283615089
11/10/2005,9.423678,9.747215,9.400515,9.740988,366516664
11/9/2005,9.630652,9.671001,9.415459,9.443354,420245300
11/8/2005,9.819444,9.852819,9.678224,9.7111,317084071
11/7/2005,9.840615,9.899644,9.76714,9.838871,385098052
11/4/2005,9.713093,9.758174,9.600266,9.724301,354319116
11/3/2005,9.52455,9.62841,9.498896,9.612719,299052737
11/2/2005,9.506866,9.589058,9.394039,9.456555,424200069
11/1/2005,9.261785,9.561661,9.190801,9.449083,656696267
10/31/2005,8.972369,9.333765,8.954188,9.268758,575866428
10/28/2005,8.848583,8.94024,8.842357,8.920813,237025111
10/27/2005,8.881709,8.893913,8.759168,8.79354,206145800
10/26/2005,8.624673,8.866765,8.622431,8.852817,357635500
10/25/2005,8.612219,8.652568,8.539492,8.640364,276163262
10/24/2005,8.552194,8.699891,8.522804,8.683701,378682093
10/21/2005,8.612717,8.628409,8.293912,8.465768,919128253
10/20/2005,7.720811,7.749204,7.50213,7.551694,558553779
10/19/2005,7.57162,7.717822,7.570623,7.688681,281479113
10/18/2005,7.59553,7.67025,7.540237,7.553687,284173173
10/17/2005,7.409727,7.601508,7.336501,7.596526,303802474
10/14/2005,7.469502,7.477722,7.28619,7.375853,342041267
10/13/2005,7.521806,7.521806,7.239863,7.408232,424292413
10/12/2005,7.601508,7.651072,7.447086,7.496153,373643277
10/11/2005,7.736253,7.787062,7.593039,7.623924,342984790
10/10/2005,7.803501,7.84111,7.699889,7.737249,223723439
10/7/2005,7.840362,7.887187,7.734509,7.79553,271827070
10/6/2005,7.824173,7.832641,7.723301,7.789553,320950509
10/5/2005,7.788058,7.843102,7.671246,7.738743,334384676
10/4/2005,7.968881,8.002007,7.73949,7.745966,367143003
10/3/2005,7.811471,7.972866,7.790549,7.937249,367785402
9/30/2005,7.826166,7.907859,7.778096,7.881956,367424053
9/29/2005,7.63837,7.738992,7.623426,7.711595,225393676
9/28/2005,7.826166,7.848083,7.61147,7.621433,321095049
9/27/2005,7.844347,7.930524,7.805244,7.819192,275954483
9/26/2005,7.957673,7.993787,7.784821,7.82766,397259466
9/23/2005,7.79578,7.900636,7.785568,7.854559,340623975
9/22/2005,7.75842,7.950699,7.725294,7.755182,522206047
9/21/2005,7.681458,7.814709,7.620437,7.768382,406305245
9/20/2005,7.625169,7.753438,7.602255,7.669005,375441994
9/19/2005,7.4969,7.621433,7.489677,7.566389,231339881
9/16/2005,7.572118,7.584073,7.468755,7.476974,304328438
9/15/2005,7.460038,7.640113,7.419938,7.537249,620966845
9/14/2005,7.689428,7.802753,7.479465,7.546713,452722579
9/13/2005,7.696153,7.858793,7.625667,7.762903,413540262
9/12/2005,7.51558,7.756427,7.4969,7.714584,417017246
9/9/2005,7.404247,7.449577,7.386314,7.449328,176278267
9/8/2005,7.343226,7.45406,7.306613,7.357174,265523531
9/7/2005,7.12056,7.359913,7.105367,7.344222,301104399
9/6/2005,7.19802,7.207734,7.143225,7.150946,169123549
9/2/2005,7.136003,7.222678,7.134259,7.184321,137894934
9/1/2005,7.121059,7.16066,7.098393,7.129527,110095123
8/31/2005,7.178842,7.185567,7.082453,7.1233,202114747
8/30/2005,7.15792,7.210722,7.120311,7.154932,192398464
8/29/2005,7.029651,7.201009,7.029651,7.184321,237005036
8/26/2005,7.060535,7.098892,7.040112,7.063026,150775031
8/25/2005,7.037372,7.073487,6.973113,7.038368,175720183
8/24/2005,6.913337,7.092167,6.885442,7.03787,345012362
8/23/2005,6.878219,6.967385,6.827409,6.963399,233740846
8/22/2005,7.004744,7.010473,6.808231,6.824669,273541472
8/19/2005,6.998518,7.009975,6.964396,6.97386,222547046
8/18/2005,6.871992,6.986314,6.849327,6.973611,476692087
8/17/2005,7.111096,7.137497,7.073487,7.100884,155914222
8/16/2005,7.095405,7.167883,7.057048,7.114583,285433881
8/15/2005,7.217945,7.291918,7.067758,7.073487,328213631
8/12/2005,7.057547,7.227908,7.014707,7.215953,264423423
8/11/2005,7.12056,7.137746,6.989302,7.074732,301722708
8/10/2005,7.255305,7.280959,7.095405,7.11533,276191367
8/9/2005,7.271744,7.289677,7.185816,7.26203,232038489
8/8/2005,7.312591,7.363649,7.235131,7.25406,179943955
8/5/2005,7.409727,7.434882,7.255554,7.281457,238478538
8/4/2005,7.361159,7.447086,7.353687,7.415455,210245108
8/3/2005,7.42218,7.465019,7.362404,7.404745,238113174
8/2/2005,7.262777,7.460038,7.250822,7.451819,292701018
8/1/2005,7.176102,7.285193,7.175604,7.263026,227344963
7/29/2005,7.276227,7.293662,7.147958,7.167136,335785908
7/28/2005,7.407485,7.407485,7.30462,7.3101,237912424
7/27/2005,7.415704,7.427908,7.282703,7.39553,289798178
7/26/2005,7.347709,7.42218,7.274982,7.374608,394147846
7/25/2005,7.53152,7.553936,7.346464,7.368631,387800142
7/22/2005,7.630648,7.70238,7.380586,7.531769,938978379
7/21/2005,7.821931,7.915331,7.751197,7.819192,794543021
7/20/2005,7.610723,7.786066,7.516825,7.770873,574561556
7/19/2005,7.524297,7.729777,7.516825,7.718569,506748324
7/18/2005,7.471993,7.519316,7.415953,7.460536,249242734
7/15/2005,7.502877,7.556676,7.466514,7.501632,338801168
7/14/2005,7.604995,7.640113,7.473737,7.49416,428307406
7/13/2005,7.285442,7.453064,7.275231,7.4436,459230882
7/12/2005,7.30736,7.332516,7.24609,7.267261,235475323
7/11/2005,7.382329,7.387311,7.248331,7.306364,336869956
7/8/2005,7.378593,7.409727,7.323799,7.378095,299422117
7/7/2005,7.207734,7.367385,7.185816,7.36091,428484066
7/6/2005,7.404745,7.412217,7.257298,7.260785,321211484
7/5/2005,7.275231,7.371868,7.228655,7.365144,300883574
7/1/2005,7.348456,7.378344,7.2035,7.25406,370487492
6/30/2005,7.331022,7.445343,7.24883,7.326289,606039101
6/29/2005,7.53426,7.581084,7.276476,7.290673,734691521
6/28/2005,7.628407,7.70238,7.521806,7.521806,764314139
6/27/2005,7.444596,7.583326,7.319066,7.57411,714785186
6/24/2005,7.245343,7.42218,7.212466,7.4035,713512433
6/23/2005,7.173113,7.342728,7.135753,7.215704,564363474
6/22/2005,7.214708,7.28071,7.189801,7.205492,420530365
6/21/2005,7.174857,7.230399,7.097646,7.169128,607560783
6/20/2005,6.876475,7.164894,6.767882,7.140735,844140229
6/17/2005,6.948954,6.981332,6.871743,6.981332,418940428
6/16/2005,6.830896,6.931519,6.801257,6.910099,500364485
6/15/2005,6.849327,6.906612,6.660784,6.844346,838454999
6/14/2005,6.938742,7.004744,6.91782,6.932764,405189077
6/13/2005,6.969377,7.078219,6.887185,7.042354,514047581
6/10/2005,7.147958,7.155181,6.974358,7.036127,509767599
6/9/2005,7.09142,7.185567,6.987808,7.131021,660109011
6/8/2005,7.293911,7.302379,6.924047,6.962901,1031889331
6/7/2005,7.399764,7.461781,7.230399,7.300635,976566743
6/6/2005,7.033387,7.316327,7.019439,7.246339,904413304
6/3/2005,7.142976,7.205492,6.909352,6.980336,754108027
6/2/2005,7.191295,7.217447,7.088431,7.170623,721658854
6/1/2005,7.053562,7.294907,7.024172,7.173113,1412944285
5/31/2005,6.710597,6.93401,6.709103,6.905865,892805959
5/27/2005,6.487184,6.626413,6.457047,6.625167,489190760
5/26/2005,6.499638,6.569376,6.433386,6.455802,543895039
5/25/2005,6.294656,6.500136,6.242352,6.495902,725023418
5/24/2005,6.400011,6.61122,6.313834,6.376101,1166078427
5/23/2005,6.0563,6.428405,6.045092,6.362402,858738744
5/20/2005,6.007732,6.019189,5.968877,6.017694,327763952
5/19/2005,5.986063,6.006735,5.934506,5.957171,390116793
5/18/2005,5.818441,5.976847,5.816199,5.956673,494325936
5/17/2005,5.742476,5.814456,5.733509,5.806486,313526787
5/16/2005,5.720558,5.768877,5.692912,5.75468,228107811
5/13/2005,5.708105,5.755676,5.661778,5.709599,297731805
5/12/2005,5.748702,5.78407,5.683696,5.696648,359269602
5/11/2005,5.702874,5.777843,5.676971,5.760658,460873014
5/10/2005,5.615701,5.673733,5.597021,5.673733,254783425
5/9/2005,5.678715,5.691168,5.614705,5.6294,222302131
5/6/2005,5.688677,5.709848,5.640608,5.679213,271570110
5/5/2005,5.694157,5.694157,5.625913,5.65331,301509913
5/4/2005,5.659537,5.725539,5.653808,5.691168,485151677
5/3/2005,5.525539,5.682451,5.512338,5.633634,713873782
5/2/2005,5.53052,5.571616,5.484692,5.536498,392160425
4/29/2005,5.527033,5.535502,5.425165,5.479462,368182886
4/28/2005,5.467008,5.531267,5.422425,5.465763,348613811
4/27/2005,5.429399,5.500632,5.398266,5.473982,412131000
4/26/2005,5.484941,5.529275,5.436871,5.448328,693469588
4/25/2005,5.425165,5.597519,5.417693,5.567382,796574608
4/22/2005,5.551691,5.579088,5.336497,5.375103,1333182435
4/21/2005,4.99179,5.105862,4.964392,5.086435,712737539
4/20/2005,4.945961,4.993782,4.879461,4.934006,620376641
4/19/2005,4.715575,4.782076,4.683196,4.767132,338463908
4/18/2005,4.597268,4.67946,4.57012,4.656795,262994085
4/15/2005,4.734753,4.740731,4.599261,4.607729,464831797
4/14/2005,4.813707,4.840855,4.734753,4.768377,247030473
4/13/2005,4.818688,4.839859,4.725538,4.805239,263214910
4/12/2005,4.806982,4.84235,4.717567,4.830893,293881426
4/11/2005,4.809224,4.851814,4.790046,4.812711,217231195
4/8/2005,4.824168,4.859286,4.768377,4.783321,205431131
4/7/2005,4.701876,4.847331,4.698389,4.825911,389141150
4/6/2005,4.713333,4.723545,4.671988,4.712835,210891521
4/5/2005,4.675724,4.738738,4.671739,4.696646,350777892
4/4/2005,4.481951,4.615699,4.479211,4.614952,324266893
4/1/2005,4.527032,4.55667,4.482947,4.484192,248206866
3/31/2005,4.432137,4.517816,4.424416,4.495898,271758815
3/30/2005,4.499136,4.519311,4.473233,4.494404,250378977
3/29/2005,4.509348,4.56489,4.435126,4.472486,259890496
3/28/2005,4.525039,4.602748,4.506857,4.518563,350830087
3/24/2005,4.500631,4.504616,4.463271,4.464516,148763520
3/23/2005,4.432635,4.489173,4.432635,4.457791,194526410
3/22/2005,4.512586,4.531515,4.429647,4.448327,226112360
3/21/2005,4.465014,4.537243,4.414703,4.505114,300470030
3/18/2005,4.453557,4.493159,4.441104,4.484192,284663002
3/17/2005,4.411714,4.474229,4.378588,4.465512,331662510
3/16/2005,4.401004,4.448576,4.358912,4.373607,285317446
3/15/2005,4.366135,4.483196,4.338986,4.448576,418446584
3/14/2005,4.441602,4.443345,4.29814,4.358414,447535208
3/11/2005,4.494155,4.506857,4.412212,4.428401,322335682
3/10/2005,4.508352,4.513084,4.418439,4.482698,440063306
3/9/2005,4.588053,4.599012,4.487181,4.51682,456119263
3/8/2005,4.709846,4.728526,4.606982,4.61271,323050350
3/7/2005,4.67697,4.7223,4.65829,4.702623,347995502
3/4/2005,4.65007,4.663769,4.609473,4.630145,271979640
3/3/2005,4.635874,4.676222,4.590544,4.657791,305484756
3/2/2005,4.63139,4.67423,4.591789,4.612212,292512314
3/1/2005,4.714579,4.726036,4.533009,4.63413,373844027
2/28/2005,4.632636,4.729024,4.6289,4.6822,313908211
2/25/2005,4.711092,4.73027,4.620431,4.629398,400435325
2/24/2005,4.567131,4.728526,4.538738,4.704616,1036442333
2/23/2005,4.814454,4.843844,4.698887,4.830644,625776806
2/22/2005,4.894156,4.953931,4.741976,4.766384,541369609
2/18/2005,4.944218,4.952437,4.898141,4.93027,340708289
2/17/2005,4.927281,4.975102,4.901877,4.929025,418137429
2/16/2005,4.849324,4.964641,4.839361,4.941727,663770685
2/15/2005,4.821926,4.977344,4.808975,4.862524,1035177611
2/14/2005,4.55418,4.808975,4.508103,4.806733,1548269624
2/11/2005,4.649074,4.790046,4.634379,4.667505,526606480
2/10/2005,4.781328,4.787306,4.613956,4.681951,762154073
2/9/2005,5.000258,5.021179,4.718813,4.771615,689434520
2/8/2005,4.905613,4.981827,4.845089,4.947456,460921194
2/7/2005,5.112338,5.140731,4.869498,4.882449,520359150
2/4/2005,5.142475,5.174355,5.046086,5.089922,594993855
2/3/2005,5.13052,5.314331,5.126036,5.251815,521471303
2/2/2005,5.368627,5.39976,5.072487,5.129772,1316889593
2/1/2005,4.841353,4.898141,4.747954,4.779585,756384528
1/31/2005,4.824168,4.890669,4.775102,4.872238,385306832
1/28/2005,4.73276,4.849324,4.641104,4.740731,490158373
1/27/2005,4.701378,4.703869,4.61271,4.684442,266089645
1/26/2005,4.465014,4.717567,4.462025,4.713333,494161321
1/25/2005,4.531515,4.538987,4.390792,4.411465,427966132
1/24/2005,4.699635,4.715575,4.491166,4.501129,563010421
1/21/2005,4.845338,4.865762,4.685438,4.689423,371724110
1/20/2005,4.794529,4.887929,4.782076,4.829896,361413608
1/19/2005,5.097145,5.113334,4.899386,4.914081,451995865
1/18/2005,5.005488,5.10636,4.947954,5.078465,528878966
1/14/2005,4.881702,4.981578,4.835127,4.980582,387057368
1/13/2005,4.86626,4.916322,4.833134,4.865015,275002929
1/12/2005,4.840108,4.879959,4.744716,4.86626,328338096
1/11/2005,4.872238,4.924293,4.811465,4.820432,279391317
1/10/2005,4.844342,4.934006,4.777841,4.85829,302714411
1/7/2005,4.748203,4.838116,4.701876,4.828153,387964757
1/6/2005,4.858788,4.879212,4.675475,4.696148,417041336
1/5/2005,4.81819,4.904118,4.787804,4.819685,330698912
1/4/2005,5.016198,5.054305,4.818937,4.844342,552298420
1/3/2005,4.916571,5.071989,4.868253,5.048826,636143518
12/30/2004,4.806235,4.937244,4.77834,4.921553,237057231
12/29/2004,4.776596,4.819934,4.776596,4.804492,107525527
12/28/2004,4.784815,4.820681,4.757418,4.801005,166453579
12/27/2004,4.711092,4.814454,4.709846,4.779834,245079187
12/23/2004,4.66875,4.697393,4.632636,4.679958,145125936
12/22/2004,4.580332,4.653806,4.558165,4.640108,156865776
12/21/2004,4.640357,4.67946,4.567878,4.576596,221479058
12/20/2004,4.533009,4.693906,4.529771,4.608227,394854485
12/17/2004,4.402498,4.495649,4.397268,4.485188,296555412
12/16/2004,4.407231,4.4954,4.382324,4.395275,344197318
12/15/2004,4.433134,4.500381,4.400008,4.477716,460559845
12/14/2004,4.259036,4.453806,4.224167,4.450568,445198482
12/13/2004,4.288177,4.313333,4.220431,4.245337,193466452
12/10/2004,4.319559,4.355674,4.266259,4.275225,173335277
12/9/2004,4.240356,4.321303,4.196022,4.319559,307307563
12/8/2004,4.242847,4.325786,4.202498,4.233631,302802741
12/7/2004,4.383569,4.388551,4.247828,4.269746,275866153
12/6/2004,4.461527,4.500631,4.384067,4.390792,251097661
12/3/2004,4.481951,4.509597,4.42342,4.493159,235647968
12/2/2004,4.480705,4.520805,4.447081,4.468252,251374696
12/1/2004,4.531764,4.545462,4.471988,4.4822,315743063
11/30/2004,4.50088,4.557916,4.489423,4.532511,309154460
11/29/2004,4.492162,4.55667,4.421178,4.509348,428263241
11/26/2004,4.378588,4.483943,4.366633,4.468003,260175560
11/24/2004,4.354179,4.413706,4.296645,4.352685,613531078
11/23/2004,4.183569,4.254802,4.146956,4.172361,498393124
11/22/2004,4.096396,4.221676,4.017691,4.112087,496582362
11/19/2004,4.211713,4.233631,4.147454,4.219185,352086780
11/18/2004,4.241352,4.344217,4.127778,4.172859,667677273
11/17/2004,4.209721,4.420929,4.209223,4.296396,728034662
11/16/2004,4.420929,4.469995,4.254802,4.297392,839832142
11/15/2004,4.494404,4.690419,4.452063,4.604491,477844390
11/12/2004,4.613458,4.727281,4.418439,4.533009,672354740
11/11/2004,4.212461,4.576596,4.173606,4.558414,601666773
11/10/2004,4.250817,4.296894,4.142722,4.180829,427355853
11/9/2004,4.336247,4.363644,4.116321,4.201751,444226854
11/8/2004,4.257293,4.369622,4.219185,4.297641,449349985
11/5/2004,4.532511,4.540481,4.198015,4.21794,796297573
11/4/2004,4.693408,4.742225,4.566633,4.600257,578544429
11/3/2004,4.935999,5.021179,4.750942,4.773856,557630330
11/2/2004,4.950943,4.962649,4.815451,4.853558,455553149
11/1/2004,4.820681,4.923296,4.763894,4.882449,490828877
10/29/2004,4.953682,4.980083,4.747206,4.748203,849672890
10/28/2004,4.649572,4.841602,4.622673,4.814454,596097978
10/27/2004,4.550942,4.720307,4.527281,4.631889,536262538
10/26/2004,4.641104,4.798016,4.483196,4.528028,895628499
10/25/2004,4.393532,4.842599,4.297641,4.667505,1315480331
10/22/2004,4.247579,4.48743,4.086682,4.294653,1481207196
10/21/2004,3.596519,3.739234,3.527279,3.720554,585767401
10/20/2004,3.68693,3.710841,3.476967,3.499134,456613107
10/19/2004,3.74845,3.795773,3.669994,3.684689,363918964
10/18/2004,3.566631,3.716071,3.517067,3.715075,282061287
10/15/2004,3.60972,3.623917,3.535498,3.589296,265150137
10/14/2004,3.512086,3.546208,3.451065,3.536743,209835578
10/13/2004,3.56962,3.575349,3.488923,3.509346,397203256
10/12/2004,3.348449,3.427403,3.322546,3.422173,234419380
10/11/2004,3.41221,3.458537,3.333754,3.368873,210437827
10/8/2004,3.45505,3.47896,3.412708,3.430392,222442656
10/7/2004,3.410218,3.483941,3.401002,3.458287,283643194
10/6/2004,3.425909,3.448325,3.387304,3.414203,268900140
10/5/2004,3.353929,3.450317,3.293655,3.446332,300887589
10/4/2004,3.368624,3.408972,3.338237,3.363891,261693228
10/1/2004,3.257789,3.343468,3.210466,3.302123,303934969
9/30/2004,3.235373,3.295149,3.212957,3.227901,276468402
9/29/2004,3.155672,3.362895,3.143966,3.264763,613229953
9/28/2004,3.021176,3.173106,2.994028,3.159657,340190355
9/27/2004,2.977838,3.010715,2.934003,2.94546,141994242
9/24/2004,3.012209,3.090914,2.98282,2.984563,183336625
9/23/2004,2.959906,3.054302,2.914575,3.009221,171524515
9/22/2004,2.92404,2.980578,2.909345,2.948448,152344894
9/21/2004,2.984065,2.999258,2.92678,2.934999,145262446
9/20/2004,2.912832,3.028648,2.908349,2.972857,213585582
9/17/2004,2.849818,2.926282,2.828149,2.926282,190350817
9/16/2004,2.798012,2.884189,2.780827,2.83861,186207345
9/15/2004,2.753679,2.845086,2.744712,2.789544,215279909
9/14/2004,2.676219,2.789544,2.65978,2.776842,217608605
9/13/2004,2.655795,2.700129,2.651561,2.677464,157628624
9/10/2004,2.530515,2.654052,2.523043,2.623417,174804764
9/9/2004,2.553678,2.558161,2.515571,2.548199,81620792
9/8/2004,2.509095,2.566132,2.503118,2.54795,100186120
9/7/2004,2.51582,2.540478,2.480951,2.530017,117506800
9/3/2004,2.514326,2.534002,2.473728,2.490913,103538639
9/2/2004,2.47049,2.549693,2.464263,2.528273,303810504
9/1/2004,2.557912,2.564637,2.482445,2.496891,183633734
8/31/2004,2.54795,2.583068,2.544463,2.549693,98825037
8/30/2004,2.622171,2.627402,2.540727,2.540727,104429967
8/27/2004,2.692408,2.70536,2.632383,2.64384,124826132
8/26/2004,2.613952,2.688672,2.606729,2.687676,142572401
8/25/2004,2.614201,2.689918,2.587302,2.640104,184645512
8/24/2004,2.770615,2.779581,2.579581,2.61196,306396159
8/23/2004,2.758411,2.826406,2.71607,2.724787,366857939
8/20/2004,2.51582,2.716817,2.503118,2.697639,458857488
